-1.164153218269348145e-10 -2.910383045673370361e-10 -1.164153218269348145e-10 1.000000000000000000e+00
8.716037971898913383e-01 -6.338373350445181131e-03 -7.222817423753440380e-01 1.000000000000000000e+00
1.828981013153679669e+00 7.898780721006914973e-03 2.959500777069479227e-02 1.000000000000000000e+00
2.698037539026699960e+00 2.985834822175092995e-02 1.392140799667686224e+00 1.000000000000000000e+00
3.573919737944379449e+00 3.812903599464334548e-02 2.081110196420922875e+00 1.000000000000000000e+00
4.548997218837030232e+00 1.751804901869036257e-02 1.022239534067921340e+00 1.000000000000000000e+00
5.434921104693785310e+00 9.877102391328662634e-03 5.220832425402477384e-01 1.000000000000000000e+00
6.316619538236409426e+00 1.646232363418675959e-02 1.421156983822584152e+00 1.000000000000000000e+00
7.285844570142216980e+00 3.239071794087067246e-02 2.998926508356817067e+00 1.000000000000000000e+00
8.173931209137663245e+00 4.898863415291998535e-02 4.138616302399896085e+00 1.000000000000000000e+00
9.064872333430685103e+00 6.867127248551696539e-02 5.307135055889375508e+00 1.000000000000000000e+00
9.954161772504448891e+00 9.860789234517142177e-02 7.257173625985160470e+00 1.000000000000000000e+00
1.093810573138762265e+01 1.331659203569870442e-01 8.743815045105293393e+00 1.000000000000000000e+00
1.183766985242255032e+01 1.610951254697283730e-01 9.666261694976128638e+00 1.000000000000000000e+00
1.273878213588614017e+01 1.974302578601054847e-01 1.063483671424910426e+01 1.000000000000000000e+00
1.373362079542130232e+01 2.440156896773260087e-01 1.149903281510341913e+01 1.000000000000000000e+00
1.464264593110419810e+01 2.899019508622586727e-01 1.177378140145447105e+01 1.000000000000000000e+00
1.555208114231936634e+01 3.532417232636362314e-01 1.265982986520975828e+01 1.000000000000000000e+00
1.646261958044487983e+01 4.305697728268569335e-01 1.383515296981204301e+01 1.000000000000000000e+00
1.746721080644056201e+01 5.230781225691316649e-01 1.499562830908689648e+01 1.000000000000000000e+00
1.838588892144616693e+01 6.087950301880482584e-01 1.568277572491206229e+01 1.000000000000000000e+00
1.930739225249271840e+01 7.021584615285973996e-01 1.634253542311489582e+01 1.000000000000000000e+00
2.032565603510010988e+01 8.132019530457910150e-01 1.703839744534343481e+01 1.000000000000000000e+00
2.125478043942712247e+01 9.206457149848574772e-01 1.783287534117698669e+01 1.000000000000000000e+00
2.218693776708096266e+01 1.040626406203955412e+00 1.902819389989599586e+01 1.000000000000000000e+00
2.321989772340748459e+01 1.180797692053602077e+00 2.010334143985528499e+01 1.000000000000000000e+00
2.416370936296880245e+01 1.318018307778402232e+00 2.096995303698349744e+01 1.000000000000000000e+00
2.520936212316155434e+01 1.469668023361009546e+00 2.169224176963325590e+01 1.000000000000000000e+00
2.615892711770720780e+01 1.627995623275637627e+00 2.312312955257948488e+01 1.000000000000000000e+00
2.711185277067124844e+01 1.794459725002525374e+00 2.469032458285801113e+01 1.000000000000000000e+00
2.817363744834437966e+01 1.966236443142406642e+00 2.502580939850304276e+01 1.000000000000000000e+00
2.914799540361855179e+01 2.121194235776783898e+00 2.469142001320142299e+01 1.000000000000000000e+00
3.012588324781972915e+01 2.285191639602999203e+00 2.453309823817107826e+01 1.000000000000000000e+00
3.120514371746685356e+01 2.480155069890315644e+00 2.475579054956324399e+01 1.000000000000000000e+00
3.218997485854197294e+01 2.669137401331681758e+00 2.512073242699261755e+01 1.000000000000000000e+00
3.317985293711535633e+01 2.870765656014555134e+00 2.560568721406161785e+01 1.000000000000000000e+00
3.417474630475044250e+01 3.081272410796373151e+00 2.616581609658896923e+01 1.000000000000000000e+00
3.527623766043689102e+01 3.318505709423334338e+00 2.661307851504534483e+01 1.000000000000000000e+00
3.638381224474869668e+01 3.563408904024981894e+00 2.704887052439153194e+01 1.000000000000000000e+00
3.729724766663275659e+01 3.764751841416000389e+00 2.719326858769636601e+01 1.000000000000000000e+00
3.842294605134520680e+01 4.010637101950123906e+00 2.701232142862863839e+01 1.000000000000000000e+00
3.945427083468530327e+01 4.233492163126356900e+00 2.677487313060555607e+01 1.000000000000000000e+00
4.049416207685135305e+01 4.455227406564517878e+00 2.606432584614958614e+01 1.000000000000000000e+00
4.164228385349269956e+01 4.704484940433758311e+00 2.543371238501276821e+01 1.000000000000000000e+00
4.269523999525699764e+01 4.931142831235774793e+00 2.444542382552754134e+01 1.000000000000000000e+00
4.375028817984275520e+01 5.169531939551234245e+00 2.401627201121300459e+01 1.000000000000000000e+00
4.480684312002267689e+01 5.418307329600793310e+00 2.422864406136795878e+01 1.000000000000000000e+00
4.597624030325096101e+01 5.698431834651273675e+00 2.438394992914982140e+01 1.000000000000000000e+00
4.703975060768425465e+01 5.970300431872601621e+00 2.520041949721053243e+01 1.000000000000000000e+00
4.810971479397267103e+01 6.240661599804298021e+00 2.559427377465181053e+01 1.000000000000000000e+00
4.929266132495831698e+01 6.536528484983136877e+00 2.554095918312668800e+01 1.000000000000000000e+00
5.037211841170210391e+01 6.812858322082320228e+00 2.558379057538695633e+01 1.000000000000000000e+00
5.145032725995406508e+01 7.103815636102808639e+00 2.647762188257183880e+01 1.000000000000000000e+00
5.263992718991357833e+01 7.427551814063917845e+00 2.740023368014954031e+01 1.000000000000000000e+00
5.372977305785752833e+01 7.711728833324741572e+00 2.748637951724231243e+01 1.000000000000000000e+00
5.482265942520461977e+01 7.994374608824728057e+00 2.726192491024266928e+01 1.000000000000000000e+00
5.603219188062939793e+01 8.309871818972169422e+00 2.689564796979539096e+01 1.000000000000000000e+00
5.713888738502282649e+01 8.593481642252299935e+00 2.615708826924674213e+01 1.000000000000000000e+00
5.824965730914846063e+01 8.886829450231743976e+00 2.591987044201232493e+01 1.000000000000000000e+00
5.947383403650019318e+01 9.217096407199278474e+00 2.622015134338289499e+01 1.000000000000000000e+00
6.059187070524785668e+01 9.521176502545131370e+00 2.677459304942749441e+01 1.000000000000000000e+00
6.182625095732510090e+01 9.862320519678178243e+00 2.779192367510404438e+01 1.000000000000000000e+00
6.295587224373593926e+01 1.017375591688323766e+01 2.873583243496250361e+01 1.000000000000000000e+00
6.409359355294145644e+01 1.048011525909532793e+01 2.927710642036981881e+01 1.000000000000000000e+00
6.523959103459492326e+01 1.078251314477529377e+01 2.944135506567545235e+01 1.000000000000000000e+00
6.651050620514433831e+01 1.110403146684984677e+01 2.905002055584918708e+01 1.000000000000000000e+00
6.767276202922221273e+01 1.139315180946141481e+01 2.862027926242444664e+01 1.000000000000000000e+00
6.883776726259384304e+01 1.168796180059143808e+01 2.869708542188163847e+01 1.000000000000000000e+00
7.000717811810318381e+01 1.199059130040404852e+01 2.919130005908664316e+01 1.000000000000000000e+00
7.129847146081738174e+01 1.233568515600927640e+01 3.033436123165301979e+01 1.000000000000000000e+00
7.248257853765971959e+01 1.263905387982958928e+01 3.061217840772587806e+01 1.000000000000000000e+00
7.368320307868998498e+01 1.291626809810986742e+01 2.883946835296228528e+01 1.000000000000000000e+00
7.500791373453103006e+01 1.322433921731135342e+01 2.753420659713447094e+01 1.000000000000000000e+00
7.621162517124321312e+01 1.352446851509739645e+01 2.771596745878923684e+01 1.000000000000000000e+00
7.741647971549537033e+01 1.383560141177440528e+01 2.858324965951032937e+01 1.000000000000000000e+00
7.874799009785056114e+01 1.417941620422061533e+01 2.929363239021040499e+01 1.000000000000000000e+00
7.996712766401469707e+01 1.448336481244768947e+01 2.915444625832606107e+01 1.000000000000000000e+00
