-6.984919309616088867e-10 3.492459654808044434e-10 -1.513399183750152588e-09 1.000000000000000000e+00
1.176910901558585465e+00 1.491792511660605669e-02 1.059680149657651782e+00 1.000000000000000000e+00
2.348789787618443370e+00 2.807029569521546364e-02 2.338935450650751591e+00 1.000000000000000000e+00
3.627545315539464355e+00 3.123898862395435572e-02 4.140394826303236187e+00 1.000000000000000000e+00
4.784543642250355333e+00 3.028946602717041969e-02 6.235215416294522583e+00 1.000000000000000000e+00
5.934575813240371644e+00 2.668592275585979223e-02 8.683483443339355290e+00 1.000000000000000000e+00
7.204515837540384382e+00 2.163183141965419054e-02 1.108754055714234710e+01 1.000000000000000000e+00
8.369705720455385745e+00 4.640338011085987091e-04 1.295868175267241895e+01 1.000000000000000000e+00
9.541928815422579646e+00 -2.848119568079710007e-02 1.424563527526333928e+01 1.000000000000000000e+00
1.082947303482796997e+01 -6.387872376944869757e-02 1.582188092870637774e+01 1.000000000000000000e+00
1.199534224241506308e+01 -9.454568993533030152e-02 1.752281186415348202e+01 1.000000000000000000e+00
1.327730379527201876e+01 -1.329812736366875470e-01 1.941217016254086047e+01 1.000000000000000000e+00
1.442647689511068165e+01 -1.525010796613059938e-01 2.208935596328228712e+01 1.000000000000000000e+00
1.557372620870592073e+01 -1.727214457350783050e-01 2.484185093524865806e+01 1.000000000000000000e+00
1.683734931482467800e+01 -2.004294029320590198e-01 2.781511614867486060e+01 1.000000000000000000e+00
1.799323643423849717e+01 -2.347838590503670275e-01 2.995179197122342885e+01 1.000000000000000000e+00
1.915066876349737868e+01 -2.772948549245484173e-01 3.192973568232264370e+01 1.000000000000000000e+00
2.031354083691257983e+01 -3.295182852307334542e-01 3.347011109034065157e+01 1.000000000000000000e+00
2.158620152773801237e+01 -3.863961994065903127e-01 3.552522202173713595e+01 1.000000000000000000e+00
2.273921183694619685e+01 -4.397722021676599979e-01 3.756614778947550803e+01 1.000000000000000000e+00
2.400920853379648179e+01 -5.073259640485048294e-01 3.961842788953799754e+01 1.000000000000000000e+00
2.516916577157098800e+01 -5.788532746955752373e-01 4.099997909308876842e+01 1.000000000000000000e+00
2.633815034100553021e+01 -6.595957297249697149e-01 4.196091905003413558e+01 1.000000000000000000e+00
2.762044903647620231e+01 -7.441059599514119327e-01 4.333929617074318230e+01 1.000000000000000000e+00
2.877572441322263330e+01 -8.164544244646094739e-01 4.498566095216665417e+01 1.000000000000000000e+00
2.992740592057816684e+01 -8.835288176196627319e-01 4.665820200240705162e+01 1.000000000000000000e+00
3.118014490808127448e+01 -9.467084942152723670e-01 4.870294040266890079e+01 1.000000000000000000e+00
3.230636971612693742e+01 -9.921045379014685750e-01 5.120870202581863850e+01 1.000000000000000000e+00
3.342475503176683560e+01 -1.035798690747469664e+00 5.420373218343593180e+01 1.000000000000000000e+00
3.466189007338834926e+01 -1.098074108944274485e+00 5.682351150619797409e+01 1.000000000000000000e+00
3.579425458580954000e+01 -1.169598689710255712e+00 5.855319818260613829e+01 1.000000000000000000e+00
3.693053695838898420e+01 -1.247707716422155499e+00 5.986757188860792667e+01 1.000000000000000000e+00
3.817281536426162347e+01 -1.331156163825653493e+00 6.148326411831658334e+01 1.000000000000000000e+00
3.930075758375460282e+01 -1.411232876591384411e+00 6.288365151628386229e+01 1.000000000000000000e+00
4.042734847770771012e+01 -1.493501148885115981e+00 6.410895553708542138e+01 1.000000000000000000e+00
4.166492539842147380e+01 -1.578135780640877783e+00 6.560789103410206735e+01 1.000000000000000000e+00
4.277621063886908814e+01 -1.651911492866929621e+00 6.708299510378856212e+01 1.000000000000000000e+00
4.389690712734591216e+01 -1.743165829684585333e+00 6.819779403915163130e+01 1.000000000000000000e+00
4.514616080577252433e+01 -1.867115609813481569e+00 6.887925129733048379e+01 1.000000000000000000e+00
4.626932296343147755e+01 -1.975402180338278413e+00 6.988016934122424573e+01 1.000000000000000000e+00
4.749987045332090929e+01 -2.095562839531339705e+00 7.113015370070934296e+01 1.000000000000000000e+00
4.861135812185239047e+01 -2.204654083354398608e+00 7.238983611308503896e+01 1.000000000000000000e+00
4.972064228344243020e+01 -2.319352751714177430e+00 7.350070985616184771e+01 1.000000000000000000e+00
5.093335335334995762e+01 -2.448834566923324019e+00 7.491214459657203406e+01 1.000000000000000000e+00
5.202880169387208298e+01 -2.566659258096478879e+00 7.639511678065173328e+01 1.000000000000000000e+00
5.311438367830123752e+01 -2.684019155276473612e+00 7.787369927822146565e+01 1.000000000000000000e+00
5.430670152971288189e+01 -2.815208735060878098e+00 7.943718995188828558e+01 1.000000000000000000e+00
5.538861070503480732e+01 -2.927084381983149797e+00 8.097616075561381876e+01 1.000000000000000000e+00
5.645694005466066301e+01 -3.038030299125239253e+00 8.297119602840393782e+01 1.000000000000000000e+00
5.762852818350074813e+01 -3.168843875464517623e+00 8.503836871718522161e+01 1.000000000000000000e+00
5.869916191679658368e+01 -3.298327444063033909e+00 8.652753897383809090e+01 1.000000000000000000e+00
5.976277594332350418e+01 -3.424493229074869305e+00 8.827168450772296637e+01 1.000000000000000000e+00
6.092416246148059145e+01 -3.576285794435534626e+00 8.986941494303755462e+01 1.000000000000000000e+00
6.199178963777376339e+01 -3.727007005130872130e+00 9.070331484463531524e+01 1.000000000000000000e+00
6.305324741947697476e+01 -3.875256497703958303e+00 9.184876348043326288e+01 1.000000000000000000e+00
6.421498777047963813e+01 -4.055964117986150086e+00 9.345518820034340024e+01 1.000000000000000000e+00
6.527046223485376686e+01 -4.230812002846505493e+00 9.467538403929211199e+01 1.000000000000000000e+00
6.633279211894841865e+01 -4.418864765437319875e+00 9.587654071685392410e+01 1.000000000000000000e+00
6.749446718924446031e+01 -4.632558497076388448e+00 9.711078133387491107e+01 1.000000000000000000e+00
6.853517196123721078e+01 -4.823073261592071503e+00 9.841725344734732062e+01 1.000000000000000000e+00
6.965258380572777241e+01 -5.022686408250592649e+00 1.006925393668934703e+02 1.000000000000000000e+00
7.066159964224789292e+01 -5.212654373550321907e+00 1.024781827740371227e+02 1.000000000000000000e+00
7.166847536788554862e+01 -5.410653647501021624e+00 1.040880080659408122e+02 1.000000000000000000e+00
7.276247098948806524e+01 -5.635205700004007667e+00 1.058235923211323097e+02 1.000000000000000000e+00
7.374212891329079866e+01 -5.841303797264117748e+00 1.073116807328769937e+02 1.000000000000000000e+00
7.481154558347770944e+01 -6.090241870493628085e+00 1.084326461649034172e+02 1.000000000000000000e+00
7.575901538506150246e+01 -6.305763379961717874e+00 1.097134023727849126e+02 1.000000000000000000e+00
7.668723197968211025e+01 -6.516557946160901338e+00 1.112842666013166308e+02 1.000000000000000000e+00
7.758997796190669760e+01 -6.716115112358238548e+00 1.131437735417857766e+02 1.000000000000000000e+00
7.857680363365216181e+01 -6.946821326913777739e+00 1.143405270111979917e+02 1.000000000000000000e+00
7.946313372941222042e+01 -7.150662564730737358e+00 1.152012563030002639e+02 1.000000000000000000e+00
8.033468378410907462e+01 -7.350073892215732485e+00 1.160577396323205903e+02 1.000000000000000000e+00
8.129620859178248793e+01 -7.581096258712932467e+00 1.162958477406064048e+02 1.000000000000000000e+00
8.215322641975944862e+01 -7.786158459086436778e+00 1.168684147323947400e+02 1.000000000000000000e+00
8.308919134596362710e+01 -8.011645958235021681e+00 1.175605708403745666e+02 1.000000000000000000e+00
8.393479422153905034e+01 -8.220588229072745889e+00 1.180044588706223294e+02 1.000000000000000000e+00
8.486205046513350680e+01 -8.450789395428728312e+00 1.182835573742631823e+02 1.000000000000000000e+00
8.567848186678020284e+01 -8.645259238721337169e+00 1.190667938146507367e+02 1.000000000000000000e+00
8.651287019765004516e+01 -8.847706909989938140e+00 1.184709690086310729e+02 1.000000000000000000e+00
8.731482932786457241e+01 -9.046774763613939285e+00 1.185481994920410216e+02 1.000000000000000000e+00
8.816836491320282221e+01 -9.252168922685086727e+00 1.195470753670670092e+02 1.000000000000000000e+00
8.893570253654615954e+01 -9.436711852438747883e+00 1.202188548122067004e+02 1.000000000000000000e+00
8.967924245481844991e+01 -9.622241012868471444e+00 1.212018203511834145e+02 1.000000000000000000e+00
9.048229970870306715e+01 -9.830106906767468899e+00 1.218734545236220583e+02 1.000000000000000000e+00
9.119083692645654082e+01 -1.000855669326847419e+01 1.229222391996299848e+02 1.000000000000000000e+00
9.194727709819562733e+01 -1.020293008344015107e+01 1.239699314628960565e+02 1.000000000000000000e+00
9.260909505817107856e+01 -1.037023659114493057e+01 1.251574977810960263e+02 1.000000000000000000e+00
9.324125070637091994e+01 -1.052645305293845013e+01 1.266269963128725067e+02 1.000000000000000000e+00
9.392026236397214234e+01 -1.069544552778825164e+01 1.281020797642413527e+02 1.000000000000000000e+00
9.452332276105880737e+01 -1.084701348887756467e+01 1.294123946387553588e+02 1.000000000000000000e+00
9.510717192158335820e+01 -1.099788101128069684e+01 1.307451786622405052e+02 1.000000000000000000e+00
9.572902736428659409e+01 -1.116310709464596584e+01 1.320388830208685249e+02 1.000000000000000000e+00
9.627363764506299049e+01 -1.130342565145110711e+01 1.333659734110115096e+02 1.000000000000000000e+00
9.679392945772269741e+01 -1.143188185151666403e+01 1.351117326272651553e+02 1.000000000000000000e+00
9.736726553313201293e+01 -1.157734767475631088e+01 1.361675556408008561e+02 1.000000000000000000e+00
9.787847947719274089e+01 -1.171235155331669375e+01 1.367933503553504124e+02 1.000000000000000000e+00
9.836407883377978578e+01 -1.183892592682968825e+01 1.378427141212159768e+02 1.000000000000000000e+00
9.888074728409992531e+01 -1.197898391907801852e+01 1.388741850205697119e+02 1.000000000000000000e+00
9.934666041535092518e+01 -1.211093844257993624e+01 1.391689086683327332e+02 1.000000000000000000e+00
9.980340290366439149e+01 -1.223937316390220076e+01 1.392211321260547265e+02 1.000000000000000000e+00
1.002904196907766163e+02 -1.237534077611053362e+01 1.391003556945361197e+02 1.000000000000000000e+00
1.007163436134578660e+02 -1.249360600067302585e+01 1.389167081103660166e+02 1.000000000000000000e+00
1.011320810652687214e+02 -1.260635662148706615e+01 1.387938294432824478e+02 1.000000000000000000e+00
1.015720946855726652e+02 -1.272514005977427587e+01 1.387658709402894601e+02 1.000000000000000000e+00
1.019493204557220452e+02 -1.282794590445701033e+01 1.389417918283725157e+02 1.000000000000000000e+00
1.023482111995690502e+02 -1.293599996954435483e+01 1.390965376569656655e+02 1.000000000000000000e+00
1.026849632349913009e+02 -1.302568092814181000e+01 1.397448003636673093e+02 1.000000000000000000e+00
1.030143863077391870e+02 -1.311694387916941196e+01 1.401100802576402202e+02 1.000000000000000000e+00
1.033503385476069525e+02 -1.320808989583747461e+01 1.409411988897481933e+02 1.000000000000000000e+00
1.036394614255405031e+02 -1.328427599888527766e+01 1.416397194769233465e+02 1.000000000000000000e+00
1.039239908672170714e+02 -1.336898570653283969e+01 1.420106752178398892e+02 1.000000000000000000e+00
1.042248559219879098e+02 -1.346138928213622421e+01 1.423421135169919580e+02 1.000000000000000000e+00
1.044733397564268671e+02 -1.353136093233479187e+01 1.430776529515860602e+02 1.000000000000000000e+00
1.047134309518733062e+02 -1.359989423636579886e+01 1.436851849805098027e+02 1.000000000000000000e+00
1.049734831229434349e+02 -1.367645112698664889e+01 1.439161325017921627e+02 1.000000000000000000e+00
1.052023016536841169e+02 -1.374455684260465205e+01 1.439723587593762204e+02 1.000000000000000000e+00
1.054381506504723802e+02 -1.381629307812545449e+01 1.440444575842702761e+02 1.000000000000000000e+00
1.056432554997154512e+02 -1.387001419370062649e+01 1.442299242258304730e+02 1.000000000000000000e+00
1.058335798046900891e+02 -1.391470349300652742e+01 1.445340457963757217e+02 1.000000000000000000e+00
1.060256787081016228e+02 -1.395819268416380510e+01 1.449899251953465864e+02 1.000000000000000000e+00
1.061891104797832668e+02 -1.399143097491469234e+01 1.453887004946591333e+02 1.000000000000000000e+00
1.063488642129232176e+02 -1.402838146651629359e+01 1.455800469493260607e+02 1.000000000000000000e+00
1.065125277094775811e+02 -1.406498351664049551e+01 1.459650390327442437e+02 1.000000000000000000e+00
1.066538699532975443e+02 -1.409920527233043686e+01 1.460890978684183210e+02 1.000000000000000000e+00
1.067885080186533742e+02 -1.413325475208694115e+01 1.459750449807615951e+02 1.000000000000000000e+00
1.069264996407437138e+02 -1.416649028251413256e+01 1.458437048497144133e+02 1.000000000000000000e+00
1.070424011982977390e+02 -1.419357439479790628e+01 1.457821343591203913e+02 1.000000000000000000e+00
1.071459472195128910e+02 -1.421345266350544989e+01 1.459715145538793877e+02 1.000000000000000000e+00
1.072585692888242193e+02 -1.424084864824544638e+01 1.460016168826259673e+02 1.000000000000000000e+00
1.073441706153098494e+02 -1.425759772537276149e+01 1.463287312971660867e+02 1.000000000000000000e+00
1.074377287766546942e+02 -1.427838321519084275e+01 1.465730367341311648e+02 1.000000000000000000e+00
1.075167293182457797e+02 -1.429601611022371799e+01 1.467675174080068246e+02 1.000000000000000000e+00
1.076005483690532856e+02 -1.431801973574329168e+01 1.468481595224002376e+02 1.000000000000000000e+00
1.076955157952615991e+02 -1.434829571528825909e+01 1.466821195947704837e+02 1.000000000000000000e+00
1.077855376879451796e+02 -1.437843688245629892e+01 1.464007674304302782e+02 1.000000000000000000e+00
1.078675086860894226e+02 -1.440387164679123089e+01 1.464597696661949158e+02 1.000000000000000000e+00
1.079212425950681791e+02 -1.440853148105088621e+01 1.480576793932123110e+02 1.000000000000000000e+00
1.079847931633703411e+02 -1.442056389420758933e+01 1.487620760455029085e+02 1.000000000000000000e+00
1.080595555071486160e+02 -1.443642400589305907e+01 1.493852398018352687e+02 1.000000000000000000e+00
1.081349356290302239e+02 -1.445395683555398136e+01 1.496537198921432719e+02 1.000000000000000000e+00
1.082149722123285756e+02 -1.448025136988144368e+01 1.495487021456938237e+02 1.000000000000000000e+00
1.082978575421147980e+02 -1.450674967915983871e+01 1.494232147088041529e+02 1.000000000000000000e+00
1.083821723103756085e+02 -1.452934323105728254e+01 1.496571740981889889e+02 1.000000000000000000e+00
1.084541061496711336e+02 -1.454835150943836197e+01 1.499899751577759162e+02 1.000000000000000000e+00
1.085317241245647892e+02 -1.456973655469482765e+01 1.503142268278170377e+02 1.000000000000000000e+00
1.086016188752255403e+02 -1.458891972282435745e+01 1.504906632711645216e+02 1.000000000000000000e+00
1.086700888393679634e+02 -1.460766191163565964e+01 1.506052765190834180e+02 1.000000000000000000e+00
1.087301364275044762e+02 -1.462304630683502182e+01 1.512121698076371104e+02 1.000000000000000000e+00
1.087772922879667021e+02 -1.463298692269017920e+01 1.518843521169619635e+02 1.000000000000000000e+00
1.088158233065623790e+02 -1.463642444275319576e+01 1.527265672371722758e+02 1.000000000000000000e+00
1.088574445602716878e+02 -1.464150110026821494e+01 1.534313169816741720e+02 1.000000000000000000e+00
1.088857782316044904e+02 -1.464422248571645468e+01 1.543919079041806981e+02 1.000000000000000000e+00
1.089278258706908673e+02 -1.465647702896967530e+01 1.546697938945144415e+02 1.000000000000000000e+00
1.089795787922339514e+02 -1.467417199740884826e+01 1.547782608129782602e+02 1.000000000000000000e+00
1.090255423149210401e+02 -1.468876327917678282e+01 1.548068597668316215e+02 1.000000000000000000e+00
1.090679346330580302e+02 -1.470011718117166311e+01 1.549202634423272684e+02 1.000000000000000000e+00
1.091017636573524214e+02 -1.470522150251781568e+01 1.556312992741586640e+02 1.000000000000000000e+00
1.091306806585635059e+02 -1.470982357545290142e+01 1.562438461314886808e+02 1.000000000000000000e+00
1.091501664493116550e+02 -1.470691355224698782e+01 1.573221262368606403e+02 1.000000000000000000e+00
1.091738812324474566e+02 -1.470901946799131110e+01 1.580582374684745446e+02 1.000000000000000000e+00
1.091914266340318136e+02 -1.471162352117244154e+01 1.588097881355788559e+02 1.000000000000000000e+00
1.092032906463718973e+02 -1.470818896201672032e+01 1.596049191142665222e+02 1.000000000000000000e+00
1.091865759039646946e+02 -1.468815430236281827e+01 1.613996025887317955e+02 1.000000000000000000e+00
1.091926118009141646e+02 -1.468542323570000008e+01 1.619403672851622105e+02 1.000000000000000000e+00
1.092126208324334584e+02 -1.469373160618124530e+01 1.617096613472094759e+02 1.000000000000000000e+00
1.092373888723668642e+02 -1.470647854852722958e+01 1.611893975896527991e+02 1.000000000000000000e+00
1.092525722092832439e+02 -1.471386048418935388e+01 1.609538416427094489e+02 1.000000000000000000e+00
1.092629228165023960e+02 -1.471733329462585971e+01 1.609335475248517469e+02 1.000000000000000000e+00
1.092694679962587543e+02 -1.471776169451186433e+01 1.608095808930229396e+02 1.000000000000000000e+00
1.092750534391379915e+02 -1.471709519193973392e+01 1.606850814151111990e+02 1.000000000000000000e+00
1.092812823728309013e+02 -1.471792667254339904e+01 1.603782372159184888e+02 1.000000000000000000e+00
1.092948318970156834e+02 -1.472186916414648294e+01 1.598959903807844967e+02 1.000000000000000000e+00
1.093092003415804356e+02 -1.472921626735478640e+01 1.591888243217254058e+02 1.000000000000000000e+00
1.093117354965070263e+02 -1.472941778134554625e+01 1.589761634467868134e+02 1.000000000000000000e+00
1.093144584402325563e+02 -1.472892696625785902e+01 1.588843497629277408e+02 1.000000000000000000e+00
1.093112594372360036e+02 -1.472624263865873218e+01 1.589653341771336272e+02 1.000000000000000000e+00
1.093113157457555644e+02 -1.472596951061859727e+01 1.588755601298762485e+02 1.000000000000000000e+00
1.093118768837302923e+02 -1.472629285580478609e+01 1.587372704647714272e+02 1.000000000000000000e+00
1.093178098595235497e+02 -1.473289994470542297e+01 1.582910693928133696e+02 1.000000000000000000e+00
1.093274207276408561e+02 -1.474076270719524473e+01 1.578346538530895486e+02 1.000000000000000000e+00
1.093422155613079667e+02 -1.475274606753373519e+01 1.571810058682458475e+02 1.000000000000000000e+00
1.093475999584188685e+02 -1.475730330572696403e+01 1.569334328297991306e+02 1.000000000000000000e+00
1.093424018759396859e+02 -1.475584448291920125e+01 1.572582497972762212e+02 1.000000000000000000e+00
1.093433399438508786e+02 -1.475713525363244116e+01 1.572444097747793421e+02 1.000000000000000000e+00
1.093411185098811984e+02 -1.475562315469142050e+01 1.574551097422372550e+02 1.000000000000000000e+00
1.093378015196649358e+02 -1.475215424248017371e+01 1.577082994893426076e+02 1.000000000000000000e+00
1.093292567377793603e+02 -1.474459916749037802e+01 1.582986954202642664e+02 1.000000000000000000e+00
1.093209162029670551e+02 -1.473793958616442978e+01 1.587952811745926738e+02 1.000000000000000000e+00
1.093160353808198124e+02 -1.473328756273258477e+01 1.591449798843823373e+02 1.000000000000000000e+00
1.093136622916208580e+02 -1.473025410302216187e+01 1.593785485717235133e+02 1.000000000000000000e+00
1.093141419566236436e+02 -1.472944919008295983e+01 1.594783348381752148e+02 1.000000000000000000e+00
1.093056913174805231e+02 -1.472091926046414301e+01 1.600496570912655443e+02 1.000000000000000000e+00
1.092968424262944609e+02 -1.471256241237279028e+01 1.606431304506259039e+02 1.000000000000000000e+00
1.092861654745065607e+02 -1.470261823199689388e+01 1.613195385466096923e+02 1.000000000000000000e+00
1.092769595195422880e+02 -1.469326068233931437e+01 1.618934026055503637e+02 1.000000000000000000e+00
1.092612601648434065e+02 -1.467885363480309024e+01 1.628670204140944406e+02 1.000000000000000000e+00
1.092506353661883622e+02 -1.466719401307636872e+01 1.635488797699799761e+02 1.000000000000000000e+00
1.092479690056643449e+02 -1.466369801620021462e+01 1.637346780332736671e+02 1.000000000000000000e+00
1.092468147307517938e+02 -1.465989866846939549e+01 1.639549767278367653e+02 1.000000000000000000e+00
1.092483714768313803e+02 -1.465815249457955360e+01 1.640227915730793029e+02 1.000000000000000000e+00
1.092576374968630262e+02 -1.466278551472350955e+01 1.636944059599190950e+02 1.000000000000000000e+00
1.092572357397293672e+02 -1.466160670353565365e+01 1.638030839342391118e+02 1.000000000000000000e+00
1.092495387516682968e+02 -1.465882712422171608e+01 1.642320195963839069e+02 1.000000000000000000e+00
1.092472585312207229e+02 -1.465668066946091130e+01 1.644575808424269781e+02 1.000000000000000000e+00
1.092445749159087427e+02 -1.465596940054092556e+01 1.646734276927309111e+02 1.000000000000000000e+00
1.092436840482405387e+02 -1.465627474430948496e+01 1.647764624981209636e+02 1.000000000000000000e+00
1.092376513959607109e+02 -1.465492220444139093e+01 1.651127830732148141e+02 1.000000000000000000e+00
1.092335726890596561e+02 -1.465282527497038245e+01 1.653606905239867046e+02 1.000000000000000000e+00
1.092298082645284012e+02 -1.465126804279861972e+01 1.656256619801279157e+02 1.000000000000000000e+00
1.092256280197179876e+02 -1.465007536031771451e+01 1.658724190104985610e+02 1.000000000000000000e+00
1.092265193798812106e+02 -1.465144851745571941e+01 1.657808536617085338e+02 1.000000000000000000e+00
1.092250508515280671e+02 -1.465185027930419892e+01 1.657617075388552621e+02 1.000000000000000000e+00
1.092223418692010455e+02 -1.465092561347410083e+01 1.658329306077212095e+02 1.000000000000000000e+00
1.092201580218970776e+02 -1.465224205196136609e+01 1.658880026899278164e+02 1.000000000000000000e+00
1.092153825134737417e+02 -1.464935088250786066e+01 1.661695983503013849e+02 1.000000000000000000e+00
1.092011296893469989e+02 -1.463984787371009588e+01 1.669447996565140784e+02 1.000000000000000000e+00
1.091864359945175238e+02 -1.463065428938716650e+01 1.676755993237020448e+02 1.000000000000000000e+00
1.091677939508226700e+02 -1.461778745707124472e+01 1.686922679129056633e+02 1.000000000000000000e+00
1.091551253671641462e+02 -1.460904904647031799e+01 1.694225801915163174e+02 1.000000000000000000e+00
1.091474026303039864e+02 -1.460287992021767423e+01 1.699033953218022361e+02 1.000000000000000000e+00
1.091428678620141000e+02 -1.459800863731652498e+01 1.703166819668840617e+02 1.000000000000000000e+00
1.091433583237812854e+02 -1.459757558320416138e+01 1.703797172448830679e+02 1.000000000000000000e+00
1.091417061235988513e+02 -1.459760448575252667e+01 1.705340532459085807e+02 1.000000000000000000e+00
1.091483919348684140e+02 -1.460454228945309296e+01 1.702425800928613171e+02 1.000000000000000000e+00
1.091485341918887571e+02 -1.460843293473590165e+01 1.702244294355623424e+02 1.000000000000000000e+00
1.091482379058143124e+02 -1.461113331350497901e+01 1.702459292806452140e+02 1.000000000000000000e+00
1.091419569667195901e+02 -1.460998585319612175e+01 1.705716776286717504e+02 1.000000000000000000e+00
1.091407427884405479e+02 -1.461129501147661358e+01 1.706416864712955430e+02 1.000000000000000000e+00
1.091248089664732106e+02 -1.459274317463859916e+01 1.718783676127204672e+02 1.000000000000000000e+00
1.091202321025775746e+02 -1.458728356240317225e+01 1.722397276308620349e+02 1.000000000000000000e+00
1.091188517188420519e+02 -1.458533066225936636e+01 1.723698857253184542e+02 1.000000000000000000e+00
1.090995753236929886e+02 -1.455891553772380576e+01 1.739553280486725271e+02 1.000000000000000000e+00
1.090839210861013271e+02 -1.452761869924142957e+01 1.756643840441247448e+02 1.000000000000000000e+00
