-4.656612873077392578e-10 2.328306436538696289e-10 4.656612873077392578e-10 1.000000000000000000e+00
7.429746676934882998e-01 2.376885327976197004e-02 8.620335320010781288e-01 1.000000000000000000e+00
1.545308056229259819e+00 4.142363811843097210e-02 1.614008403732441366e+00 1.000000000000000000e+00
2.262153269548434764e+00 4.191072226967662573e-02 2.033348745026160032e+00 1.000000000000000000e+00
2.959683832654263824e+00 3.876272356137633324e-02 2.515535532671492547e+00 1.000000000000000000e+00
3.706848410482052714e+00 2.573966362979263067e-02 2.975577836390584707e+00 1.000000000000000000e+00
4.367038829077500850e+00 4.494449938647449017e-03 3.534069764835294336e+00 1.000000000000000000e+00
5.020249008608516306e+00 -3.545453958213329315e-02 3.607541686971671879e+00 1.000000000000000000e+00
5.722014543833211064e+00 -8.540769771207123995e-02 3.542937145975884050e+00 1.000000000000000000e+00
6.354337214666884392e+00 -1.441711606457829475e-01 3.145758891536388546e+00 1.000000000000000000e+00
6.967062253504991531e+00 -2.098074419191107154e-01 2.892786696145776659e+00 1.000000000000000000e+00
7.621046006155665964e+00 -2.939982191892340779e-01 3.006358944810926914e+00 1.000000000000000000e+00
8.208447949553374201e+00 -3.854708148865029216e-01 3.087346510321367532e+00 1.000000000000000000e+00
8.857130126329138875e+00 -5.102439929032698274e-01 2.616519504750613123e+00 1.000000000000000000e+00
9.435428720142226666e+00 -6.437488661613315344e-01 2.369399254384916276e+00 1.000000000000000000e+00
9.997678484651260078e+00 -7.915830273414030671e-01 2.607149254006799310e+00 1.000000000000000000e+00
1.060190182359656319e+01 -9.759289234643802047e-01 3.148544230265542865e+00 1.000000000000000000e+00
1.113136788830161095e+01 -1.152199337724596262e+00 3.947508619283325970e+00 1.000000000000000000e+00
1.164571783848805353e+01 -1.346630854415707290e+00 4.797511449316516519e+00 1.000000000000000000e+00
1.219948139827465639e+01 -1.587593102362006903e+00 5.797554645454511046e+00 1.000000000000000000e+00
1.268279782892204821e+01 -1.823580137686803937e+00 7.047845618915744126e+00 1.000000000000000000e+00
1.319343233748804778e+01 -2.102770459139719605e+00 8.425896087836008519e+00 1.000000000000000000e+00
1.366049189056502655e+01 -2.386697592562995851e+00 9.203489312378223985e+00 1.000000000000000000e+00
1.416977329342626035e+01 -2.726372389821335673e+00 9.567249685351271182e+00 1.000000000000000000e+00
1.463778535270830616e+01 -3.066233382443897426e+00 9.550282975484151393e+00 1.000000000000000000e+00
1.507804443617351353e+01 -3.418071271153166890e+00 1.025286887475522235e+01 1.000000000000000000e+00
1.550442822667537257e+01 -3.793249762151390314e+00 1.107000954885734245e+01 1.000000000000000000e+00
1.595277178887045011e+01 -4.229672332294285297e+00 1.236352217418607324e+01 1.000000000000000000e+00
1.633807150268694386e+01 -4.649646781384944916e+00 1.346925116830971092e+01 1.000000000000000000e+00
1.674307952116942033e+01 -5.141944938804954290e+00 1.482373838895000517e+01 1.000000000000000000e+00
1.708831409725826234e+01 -5.610634239739738405e+00 1.618990284786559641e+01 1.000000000000000000e+00
1.741230423370143399e+01 -6.107702186214737594e+00 1.750108523183735088e+01 1.000000000000000000e+00
1.770958276971941814e+01 -6.629137647105380893e+00 1.865467255027033389e+01 1.000000000000000000e+00
1.800971008097985759e+01 -7.229329366353340447e+00 1.981983337446581572e+01 1.000000000000000000e+00
1.824839530227473006e+01 -7.792988631990738213e+00 2.108511683053802699e+01 1.000000000000000000e+00
1.848483505804324523e+01 -8.436220495146699250e+00 2.243118913541547954e+01 1.000000000000000000e+00
1.866674126847647130e+01 -9.040992266032844782e+00 2.369887314096558839e+01 1.000000000000000000e+00
1.882266650156816468e+01 -9.662804376916028559e+00 2.495353000343311578e+01 1.000000000000000000e+00
1.897417703468818218e+01 -1.037115868472028524e+01 2.612636071583256125e+01 1.000000000000000000e+00
1.909683897544164211e+01 -1.103379270061850548e+01 2.702838732727104798e+01 1.000000000000000000e+00
1.920670303376391530e+01 -1.171412372600752860e+01 2.792688871925929561e+01 1.000000000000000000e+00
1.930385845038108528e+01 -1.247759807656984776e+01 2.905806267261505127e+01 1.000000000000000000e+00
1.938867774524260312e+01 -1.319678151851985604e+01 2.966417221544543281e+01 1.000000000000000000e+00
1.945954808971146122e+01 -1.393188615632243454e+01 3.036835589894326404e+01 1.000000000000000000e+00
1.954044975916622207e+01 -1.484151471615768969e+01 3.104550328245386481e+01 1.000000000000000000e+00
1.959381735278293490e+01 -1.553544384741690010e+01 3.188515479641500860e+01 1.000000000000000000e+00
1.965183927252655849e+01 -1.632279524940531701e+01 3.280387210199842229e+01 1.000000000000000000e+00
1.971741974190808833e+01 -1.713632615411188453e+01 3.337203196465270594e+01 1.000000000000000000e+00
1.978889373812125996e+01 -1.804732042946852744e+01 3.417477882729144767e+01 1.000000000000000000e+00
1.985553284798515961e+01 -1.889697393914684653e+01 3.478585428121732548e+01 1.000000000000000000e+00
1.992014818417374045e+01 -1.975608945521526039e+01 3.564984585455385968e+01 1.000000000000000000e+00
1.999671550444327295e+01 -2.072212190146092325e+01 3.645291637920308858e+01 1.000000000000000000e+00
2.006907929730368778e+01 -2.161560531810391694e+01 3.726903754932573065e+01 1.000000000000000000e+00
2.013322658615652472e+01 -2.251458241546060890e+01 3.860427387186791748e+01 1.000000000000000000e+00
2.020889095467282459e+01 -2.352333554090000689e+01 3.985627285513328388e+01 1.000000000000000000e+00
2.028747064236085862e+01 -2.446079729672055691e+01 4.063153016805881634e+01 1.000000000000000000e+00
2.037718745169695467e+01 -2.542486995120998472e+01 4.067889855057001114e+01 1.000000000000000000e+00
2.047353686334099621e+01 -2.648822694073896855e+01 4.132933906401740387e+01 1.000000000000000000e+00
2.055701055785175413e+01 -2.745856689580250531e+01 4.233367134636500850e+01 1.000000000000000000e+00
2.064539029705338180e+01 -2.853099886712152511e+01 4.388016185059677809e+01 1.000000000000000000e+00
2.072739003063179553e+01 -2.951561458397191018e+01 4.536566783452872187e+01 1.000000000000000000e+00
2.080903448513709009e+01 -3.050326780171599239e+01 4.695578089670743793e+01 1.000000000000000000e+00
2.090947274642530829e+01 -3.160105905623640865e+01 4.847372304933378473e+01 1.000000000000000000e+00
2.100790064776083454e+01 -3.260592810262460262e+01 4.982487815280910581e+01 1.000000000000000000e+00
2.110973496537189931e+01 -3.361532582878135145e+01 5.113990162574918941e+01 1.000000000000000000e+00
2.122494025307241827e+01 -3.473004660359583795e+01 5.256626968440832570e+01 1.000000000000000000e+00
2.133239513012813404e+01 -3.574535425088834018e+01 5.397125541832065210e+01 1.000000000000000000e+00
2.144749588367994875e+01 -3.676656618597917259e+01 5.538340255600633100e+01 1.000000000000000000e+00
2.156829203851521015e+01 -3.789328281115740538e+01 5.711419379740254954e+01 1.000000000000000000e+00
2.168799949338426813e+01 -3.892915005574468523e+01 5.838726211490575224e+01 1.000000000000000000e+00
2.181283778999932110e+01 -3.997200044163037091e+01 5.942187120363814756e+01 1.000000000000000000e+00
2.196225608728127554e+01 -4.113361614756286144e+01 5.996331318328157067e+01 1.000000000000000000e+00
2.208757475676247850e+01 -4.218157776200678200e+01 6.108789556781994179e+01 1.000000000000000000e+00
2.221305323176784441e+01 -4.333104102639481425e+01 6.284385919501073658e+01 1.000000000000000000e+00
2.232276254799216986e+01 -4.437581097881775349e+01 6.465116992167895660e+01 1.000000000000000000e+00
2.243786479550180957e+01 -4.542877064435742795e+01 6.623221899324562401e+01 1.000000000000000000e+00
2.256995011155959219e+01 -4.659842515364289284e+01 6.763663540745619684e+01 1.000000000000000000e+00
2.268882503389613703e+01 -4.766556376090738922e+01 6.890750432264758274e+01 1.000000000000000000e+00
2.280981013813288882e+01 -4.873900115082506090e+01 7.019375777628738433e+01 1.000000000000000000e+00
2.293703656172147021e+01 -4.992339913966134191e+01 7.185687613318441436e+01 1.000000000000000000e+00
2.305603439983678982e+01 -5.101235400361474603e+01 7.315581822709646076e+01 1.000000000000000000e+00
2.317545007052831352e+01 -5.210649895179085433e+01 7.453277624247130007e+01 1.000000000000000000e+00
2.330806812579976395e+01 -5.332010394881945103e+01 7.598370162467472255e+01 1.000000000000000000e+00
2.343520633317530155e+01 -5.443775930081028491e+01 7.693806245416635647e+01 1.000000000000000000e+00
2.357128364586969838e+01 -5.557110856438521296e+01 7.749135004059644416e+01 1.000000000000000000e+00
2.372322584793437272e+01 -5.682752009690739214e+01 7.807678336591925472e+01 1.000000000000000000e+00
2.386426201753783971e+01 -5.797890580643434078e+01 7.848711562424432486e+01 1.000000000000000000e+00
2.401931356888962910e+01 -5.925087337684817612e+01 7.908831781812477857e+01 1.000000000000000000e+00
2.415848119044676423e+01 -6.040893646853510290e+01 7.997685363539494574e+01 1.000000000000000000e+00
2.429733379895333201e+01 -6.157401661854237318e+01 8.107913820462999865e+01 1.000000000000000000e+00
2.443969654530519620e+01 -6.285237619502004236e+01 8.280148739402648062e+01 1.000000000000000000e+00
2.456947839923668653e+01 -6.402128822100348771e+01 8.432798738637939095e+01 1.000000000000000000e+00
2.469985797500703484e+01 -6.519681626150850207e+01 8.589856767794117332e+01 1.000000000000000000e+00
2.483994245814392343e+01 -6.649510692188050598e+01 8.784311657998478040e+01 1.000000000000000000e+00
2.497230990760726854e+01 -6.768375792098231614e+01 8.961628830793779343e+01 1.000000000000000000e+00
2.510756821383256465e+01 -6.887971820065286011e+01 9.142392229428514838e+01 1.000000000000000000e+00
2.526163435453781858e+01 -7.020369780831970274e+01 9.354046904540155083e+01 1.000000000000000000e+00
2.540604109660489485e+01 -7.141658087237738073e+01 9.544039862760109827e+01 1.000000000000000000e+00
2.555661758943460882e+01 -7.263988947903271765e+01 9.726798518013674766e+01 1.000000000000000000e+00
2.572361505636945367e+01 -7.399702839669771492e+01 9.924881229450693354e+01 1.000000000000000000e+00
2.588803549477597699e+01 -7.524720207415521145e+01 1.005253290355321951e+02 1.000000000000000000e+00
2.605054730555275455e+01 -7.650173324090428650e+01 1.019960108637460507e+02 1.000000000000000000e+00
2.623330355354119092e+01 -7.788969254598487169e+01 1.036401912149740383e+02 1.000000000000000000e+00
2.640256524796131998e+01 -7.915773655613884330e+01 1.051354496599524282e+02 1.000000000000000000e+00
2.659153838740894571e+01 -8.055766362650319934e+01 1.067532262837630697e+02 1.000000000000000000e+00
2.676881355990190059e+01 -8.183587220788467675e+01 1.080406895162304863e+02 1.000000000000000000e+00
2.694462383515201509e+01 -8.311436640331521630e+01 1.093692669665324502e+02 1.000000000000000000e+00
2.714856603945372626e+01 -8.452835377550218254e+01 1.105894334490294568e+02 1.000000000000000000e+00
2.733458402793621644e+01 -8.581100073421839625e+01 1.119548009252175689e+02 1.000000000000000000e+00
2.752471529785543680e+01 -8.709735952212940902e+01 1.130635497968178242e+02 1.000000000000000000e+00
2.773318740236572921e+01 -8.851217103551607579e+01 1.142326504950760864e+02 1.000000000000000000e+00
2.792274099582573399e+01 -8.979970447137020528e+01 1.152918931384338066e+02 1.000000000000000000e+00
2.810936319147003815e+01 -9.108234827336855233e+01 1.166177268056198955e+02 1.000000000000000000e+00
2.831476842059055343e+01 -9.249453726643696427e+01 1.181096476734383032e+02 1.000000000000000000e+00
2.849826380290323868e+01 -9.377059555333107710e+01 1.198705198080278933e+02 1.000000000000000000e+00
2.868581626436207443e+01 -9.504643116274382919e+01 1.215321320170187391e+02 1.000000000000000000e+00
2.888176916399970651e+01 -9.643843999132514000e+01 1.239263697636779398e+02 1.000000000000000000e+00
2.905471787566784769e+01 -9.769546646042726934e+01 1.265477760950452648e+02 1.000000000000000000e+00
2.922841208835598081e+01 -9.895128299703355879e+01 1.292088799159973860e+02 1.000000000000000000e+00
2.942526659613940865e+01 -1.003357839911477640e+02 1.316396288030664437e+02 1.000000000000000000e+00
2.961169857293134555e+01 -1.016007363449316472e+02 1.332919704317464493e+02 1.000000000000000000e+00
2.981587720284005627e+01 -1.029887596333865076e+02 1.353445228692726232e+02 1.000000000000000000e+00
3.000370601541362703e+01 -1.042536034940276295e+02 1.371826524281641468e+02 1.000000000000000000e+00
3.019237259554211050e+01 -1.055202685602707788e+02 1.390740864488761872e+02 1.000000000000000000e+00
3.040770036494359374e+01 -1.069207701098639518e+02 1.407967688422068022e+02 1.000000000000000000e+00
3.061293674801709130e+01 -1.082018764775712043e+02 1.419327314870315604e+02 1.000000000000000000e+00
3.082079756603343412e+01 -1.094857410592958331e+02 1.431109541947371326e+02 1.000000000000000000e+00
3.105228902713861316e+01 -1.108988590704975650e+02 1.445739240861730650e+02 1.000000000000000000e+00
3.126479588961228728e+01 -1.121847604395588860e+02 1.459386359365307726e+02 1.000000000000000000e+00
3.148473782016662881e+01 -1.134733502072049305e+02 1.471798616198939271e+02 1.000000000000000000e+00
3.172461614775238559e+01 -1.148902482771081850e+02 1.487484740173676983e+02 1.000000000000000000e+00
3.195299156539840624e+01 -1.161892403527162969e+02 1.496978188742068596e+02 1.000000000000000000e+00
3.217882651305990294e+01 -1.174884116129251197e+02 1.510970907894661650e+02 1.000000000000000000e+00
3.243249071983154863e+01 -1.189220066313864663e+02 1.524238898276234977e+02 1.000000000000000000e+00
3.266645923029864207e+01 -1.202276511200470850e+02 1.535208330366876908e+02 1.000000000000000000e+00
3.290254473220556974e+01 -1.215384937874041498e+02 1.545667565891635604e+02 1.000000000000000000e+00
3.316126116411760449e+01 -1.229794827501755208e+02 1.559998020596685819e+02 1.000000000000000000e+00
3.338931602425873280e+01 -1.242883280487731099e+02 1.577074063348118216e+02 1.000000000000000000e+00
3.363553438073722646e+01 -1.257299600332044065e+02 1.599409951803390868e+02 1.000000000000000000e+00
3.386932442255783826e+01 -1.270470766521757469e+02 1.616937959504430182e+02 1.000000000000000000e+00
3.410361085133627057e+01 -1.283654121655272320e+02 1.636129609928466380e+02 1.000000000000000000e+00
3.436097308754688129e+01 -1.298146793956402689e+02 1.659712068631779402e+02 1.000000000000000000e+00
3.459583718137582764e+01 -1.311348464067559689e+02 1.678081325661041774e+02 1.000000000000000000e+00
3.482619756064377725e+01 -1.324522926335921511e+02 1.698798371976008639e+02 1.000000000000000000e+00
3.508431515033589676e+01 -1.339044866900658235e+02 1.719646574600483291e+02 1.000000000000000000e+00
3.531952825753251091e+01 -1.352269384837709367e+02 1.736998528909171000e+02 1.000000000000000000e+00
3.555497818358708173e+01 -1.365483500363770872e+02 1.753089596563950181e+02 1.000000000000000000e+00
3.581309778947615996e+01 -1.379993037882959470e+02 1.770512134650489315e+02 1.000000000000000000e+00
3.604717222944600508e+01 -1.393163177524693310e+02 1.787305152890039608e+02 1.000000000000000000e+00
3.627517138433177024e+01 -1.406286023048451170e+02 1.805638301477883942e+02 1.000000000000000000e+00
3.652767853176919743e+01 -1.420707480967976153e+02 1.826293699304806069e+02 1.000000000000000000e+00
3.674958166014403105e+01 -1.433740259029436857e+02 1.848692166717955843e+02 1.000000000000000000e+00
3.700006001559086144e+01 -1.448060122779570520e+02 1.873434225404052995e+02 1.000000000000000000e+00
3.723911522066919133e+01 -1.461144782172050327e+02 1.889336803590413183e+02 1.000000000000000000e+00
3.748048709292197600e+01 -1.474273657536832616e+02 1.901257826946093701e+02 1.000000000000000000e+00
3.773647362674819306e+01 -1.488647635231027380e+02 1.917520304872887209e+02 1.000000000000000000e+00
3.797231009887764230e+01 -1.501684731959830970e+02 1.930886804385227151e+02 1.000000000000000000e+00
3.820983849692856893e+01 -1.514661629557376727e+02 1.945630679840687662e+02 1.000000000000000000e+00
3.846836147696012631e+01 -1.528860003169393167e+02 1.964173546056263149e+02 1.000000000000000000e+00
3.870158908620942384e+01 -1.541665180115960538e+02 1.984821078159147874e+02 1.000000000000000000e+00
3.892906837357440963e+01 -1.554428561948006973e+02 2.006166933952481486e+02 1.000000000000000000e+00
3.917885245033539832e+01 -1.568483489204663783e+02 2.029700240188976750e+02 1.000000000000000000e+00
3.941188077407423407e+01 -1.581235916549339890e+02 2.050189308968256228e+02 1.000000000000000000e+00
3.967701801855582744e+01 -1.595237980897072703e+02 2.071501857424736954e+02 1.000000000000000000e+00
3.991702634299872443e+01 -1.607917178632924333e+02 2.091811061429907568e+02 1.000000000000000000e+00
4.015495768829714507e+01 -1.620535464138956740e+02 2.113881028469186276e+02 1.000000000000000000e+00
4.041910815797746181e+01 -1.634395331342238933e+02 2.137217987688491121e+02 1.000000000000000000e+00
4.065911627776222304e+01 -1.646958958135219291e+02 2.158851838341215625e+02 1.000000000000000000e+00
4.090292772609973326e+01 -1.659509379600640386e+02 2.179351943859946914e+02 1.000000000000000000e+00
4.116430043108994141e+01 -1.673258719376754016e+02 2.203181463104556315e+02 1.000000000000000000e+00
4.141278333746595308e+01 -1.685825860201148316e+02 2.220585141784395091e+02 1.000000000000000000e+00
4.167521657602628693e+01 -1.698430872249882668e+02 2.235046211404842325e+02 1.000000000000000000e+00
4.196006176318041980e+01 -1.712276766757713631e+02 2.249692610488855280e+02 1.000000000000000000e+00
4.221523546142270789e+01 -1.724839420636417344e+02 2.264012776141171344e+02 1.000000000000000000e+00
4.246355929784476757e+01 -1.737367979867849499e+02 2.281661872924887575e+02 1.000000000000000000e+00
4.273819899099180475e+01 -1.751153299756115302e+02 2.301943648910964839e+02 1.000000000000000000e+00
4.299226802162593231e+01 -1.763765596682205796e+02 2.318184274129453115e+02 1.000000000000000000e+00
4.324990291584981605e+01 -1.776418328024446964e+02 2.333458835527417250e+02 1.000000000000000000e+00
4.353342718374915421e+01 -1.790362134020542726e+02 2.350248565353103913e+02 1.000000000000000000e+00
4.378932367847301066e+01 -1.803052703989669681e+02 2.366068703973433003e+02 1.000000000000000000e+00
4.407319976063445210e+01 -1.816994581377366558e+02 2.384187555790413171e+02 1.000000000000000000e+00
4.432606156956171617e+01 -1.829634099288377911e+02 2.403848923614714295e+02 1.000000000000000000e+00
4.459672892169328406e+01 -1.843456971042323858e+02 2.431931466051610187e+02 1.000000000000000000e+00
4.483698694233316928e+01 -1.855992161878384650e+02 2.460055189933045767e+02 1.000000000000000000e+00
4.507388203567825258e+01 -1.868469938624184579e+02 2.492058117865235545e+02 1.000000000000000000e+00
4.531623977713752538e+01 -1.881001828863518313e+02 2.521237011156044900e+02 1.000000000000000000e+00
4.559737123054219410e+01 -1.894843233620049432e+02 2.550963008006801829e+02 1.000000000000000000e+00
4.586127903551096097e+01 -1.907475660793716088e+02 2.575322309857583605e+02 1.000000000000000000e+00
4.612876934109954163e+01 -1.920114802968455479e+02 2.598307132603367791e+02 1.000000000000000000e+00
4.642185108619742095e+01 -1.933979874666547403e+02 2.625883420582977124e+02 1.000000000000000000e+00
4.669215211138362065e+01 -1.946555025738198310e+02 2.650330421585822478e+02 1.000000000000000000e+00
4.699643977818777785e+01 -1.960446061573456973e+02 2.676290463797049597e+02 1.000000000000000000e+00
4.727845546888420358e+01 -1.973156259570969269e+02 2.696721480758860707e+02 1.000000000000000000e+00
4.756837684038328007e+01 -1.985950162321096286e+02 2.713312039275770076e+02 1.000000000000000000e+00
4.789224433829076588e+01 -2.000025013871490955e+02 2.729718275759951212e+02 1.000000000000000000e+00
4.818526902206940576e+01 -2.012760730900336057e+02 2.747678158969501965e+02 1.000000000000000000e+00
4.847197775798849761e+01 -2.025428287830436602e+02 2.769411469308543019e+02 1.000000000000000000e+00
4.879542027658317238e+01 -2.039430971026886255e+02 2.794332593154394999e+02 1.000000000000000000e+00
4.909677169786300510e+01 -2.052197425777558237e+02 2.814435428543365560e+02 1.000000000000000000e+00
4.940444438823033124e+01 -2.065010742561426014e+02 2.832222168723237701e+02 1.000000000000000000e+00
4.974788492696825415e+01 -2.079125717371935025e+02 2.850879684032988735e+02 1.000000000000000000e+00
5.005767147464212030e+01 -2.091914655996952206e+02 2.870008383903186768e+02 1.000000000000000000e+00
5.036861861968645826e+01 -2.104658769628731534e+02 2.893239506315439939e+02 1.000000000000000000e+00
5.071806483651744202e+01 -2.118679019503761083e+02 2.916822004892746918e+02 1.000000000000000000e+00
5.104898924613371491e+01 -2.131478082819376141e+02 2.935335583020350896e+02 1.000000000000000000e+00
5.137214255233993754e+01 -2.144224934687372297e+02 2.956499524796381593e+02 1.000000000000000000e+00
5.170526987884659320e+01 -2.158133250657701865e+02 2.990057031703181565e+02 1.000000000000000000e+00
5.200080271792830899e+01 -2.170674934388371184e+02 3.022867348585859872e+02 1.000000000000000000e+00
5.233003376895794645e+01 -2.184520055090542883e+02 3.055785329457721673e+02 1.000000000000000000e+00
5.264708723279181868e+01 -2.197245770571753383e+02 3.078060257255565375e+02 1.000000000000000000e+00
5.297136151394806802e+01 -2.209998067367123440e+02 3.100082512880326249e+02 1.000000000000000000e+00
5.333083656628150493e+01 -2.224027900999644771e+02 3.125453670636052266e+02 1.000000000000000000e+00
5.366000971780158579e+01 -2.236834878082154319e+02 3.146872990430565551e+02 1.000000000000000000e+00
5.398724379821214825e+01 -2.249575978517532349e+02 3.173018650028388947e+02 1.000000000000000000e+00
5.434369616245385259e+01 -2.263680838767904788e+02 3.199538434325368144e+02 1.000000000000000000e+00
5.467346365249250084e+01 -2.276563208965817466e+02 3.221067287538317032e+02 1.000000000000000000e+00
5.501172503444831818e+01 -2.289545314009301364e+02 3.237400776699068956e+02 1.000000000000000000e+00
5.537326946802204475e+01 -2.303742270239163190e+02 3.260125089872744866e+02 1.000000000000000000e+00
5.569414494419470429e+01 -2.316634733317187056e+02 3.282658205162151717e+02 1.000000000000000000e+00
5.604122579016257077e+01 -2.330805950257927179e+02 3.309453129344037734e+02 1.000000000000000000e+00
5.636028574913507327e+01 -2.343760466038947925e+02 3.332273364118300378e+02 1.000000000000000000e+00
5.668425757822114974e+01 -2.356787561092060059e+02 3.351733984081074595e+02 1.000000000000000000e+00
5.704063358681742102e+01 -2.371184801748022437e+02 3.370595325991162099e+02 1.000000000000000000e+00
5.736913601058768108e+01 -2.384294120903359726e+02 3.386171498486073688e+02 1.000000000000000000e+00
5.769262931245611981e+01 -2.397343908961629495e+02 3.403985704304068349e+02 1.000000000000000000e+00
5.804139868216589093e+01 -2.411636477786814794e+02 3.430688654087134637e+02 1.000000000000000000e+00
5.834666609251871705e+01 -2.424617533347336575e+02 3.457882737439940684e+02 1.000000000000000000e+00
5.865815819444833323e+01 -2.437642202946590260e+02 3.482618936657672748e+02 1.000000000000000000e+00
5.900253316113958135e+01 -2.452008943399414420e+02 3.507745582471252419e+02 1.000000000000000000e+00
5.931772823078790680e+01 -2.465088084070011973e+02 3.532507924313540570e+02 1.000000000000000000e+00
5.963169693591771647e+01 -2.478195058567216620e+02 3.557973269115900621e+02 1.000000000000000000e+00
5.998256298858905211e+01 -2.492716325294459239e+02 3.582421185834682547e+02 1.000000000000000000e+00
6.030925589572871104e+01 -2.506018099439097568e+02 3.600078462308738381e+02 1.000000000000000000e+00
6.063657754560699686e+01 -2.519391499763587490e+02 3.614029983195941895e+02 1.000000000000000000e+00
6.100042783643584698e+01 -2.534164956072345376e+02 3.631269464188371785e+02 1.000000000000000000e+00
6.133867245563305914e+01 -2.547691588279558346e+02 3.642412677769898437e+02 1.000000000000000000e+00
6.171156563377007842e+01 -2.562633133740164340e+02 3.657585260922787711e+02 1.000000000000000000e+00
6.204638497001724318e+01 -2.576208935353206471e+02 3.673860643955413252e+02 1.000000000000000000e+00
6.244626633933512494e+01 -2.592550999760860577e+02 3.693612437389674596e+02 1.000000000000000000e+00
6.274521679140161723e+01 -2.604849737563636154e+02 3.708882975613232702e+02 1.000000000000000000e+00
6.308022244600579143e+01 -2.618583088532323018e+02 3.724412275885115378e+02 1.000000000000000000e+00
6.341760498814983293e+01 -2.632392167582875118e+02 3.738298519768868573e+02 1.000000000000000000e+00
6.379104339209152386e+01 -2.647647672398015857e+02 3.752988717956468463e+02 1.000000000000000000e+00
6.413620484131388366e+01 -2.661575864232145250e+02 3.767234020993928425e+02 1.000000000000000000e+00
6.447757672972511500e+01 -2.675516771831316873e+02 3.781379577466868795e+02 1.000000000000000000e+00
6.484916439728112891e+01 -2.690901114412117749e+02 3.802580594251630828e+02 1.000000000000000000e+00
6.519027176481904462e+01 -2.704958041835343465e+02 3.820902361713815480e+02 1.000000000000000000e+00
6.557194520113989711e+01 -2.720527849114732817e+02 3.839118200893863104e+02 1.000000000000000000e+00
6.591927484719781205e+01 -2.734720265264622867e+02 3.856046608225442469e+02 1.000000000000000000e+00
6.626277040812419727e+01 -2.748903250511502847e+02 3.877591355806216598e+02 1.000000000000000000e+00
6.664118864352349192e+01 -2.764548206337494776e+02 3.902531045647338033e+02 1.000000000000000000e+00
6.698478933080332354e+01 -2.778828191518550739e+02 3.923642093070084229e+02 1.000000000000000000e+00
6.732618383422959596e+01 -2.793118949872441590e+02 3.945175585979013704e+02 1.000000000000000000e+00
6.769831629021791741e+01 -2.808817407671594992e+02 3.972853742797742598e+02 1.000000000000000000e+00
6.803962302702711895e+01 -2.823098836339777336e+02 3.999897652235813439e+02 1.000000000000000000e+00
6.838594688079319894e+01 -2.837418025070801377e+02 4.029284097573254257e+02 1.000000000000000000e+00
6.876921771379420534e+01 -2.853212503843242303e+02 4.061321310881176032e+02 1.000000000000000000e+00
6.911871180625166744e+01 -2.867607849717605859e+02 4.091423318146844395e+02 1.000000000000000000e+00
6.947109666024334729e+01 -2.882095139346783981e+02 4.117715908954269253e+02 1.000000000000000000e+00
6.986863250244641677e+01 -2.898137429876951501e+02 4.142866175477975048e+02 1.000000000000000000e+00
7.023641723330365494e+01 -2.912828935042489320e+02 4.162027062562410720e+02 1.000000000000000000e+00
7.061360947944922373e+01 -2.927672536730533466e+02 4.172156692165299319e+02 1.000000000000000000e+00
7.102470922353677452e+01 -2.943969990966143087e+02 4.185196997541934252e+02 1.000000000000000000e+00
7.138177248177817091e+01 -2.958488627198385075e+02 4.210361301895463839e+02 1.000000000000000000e+00
7.176169227308128029e+01 -2.974428628737805411e+02 4.240562664362951182e+02 1.000000000000000000e+00
7.210312297113705426e+01 -2.988919140876969323e+02 4.268673882964649238e+02 1.000000000000000000e+00
7.242558635794557631e+01 -3.003308032365748659e+02 4.303656487874104641e+02 1.000000000000000000e+00
7.279507994477171451e+01 -3.019267281332286075e+02 4.333203830081620254e+02 1.000000000000000000e+00
7.314616855047643185e+01 -3.033820403955178335e+02 4.354605259803938679e+02 1.000000000000000000e+00
7.348799555457662791e+01 -3.048294309739721939e+02 4.378507220397004858e+02 1.000000000000000000e+00
7.385719641874311492e+01 -3.064116298848530278e+02 4.407547848356771283e+02 1.000000000000000000e+00
7.417246785800671205e+01 -3.078299125506309792e+02 4.443419676872435957e+02 1.000000000000000000e+00
7.448959503893274814e+01 -3.092466375984949991e+02 4.479798437888384797e+02 1.000000000000000000e+00
7.484635008487384766e+01 -3.108068859695922583e+02 4.516853168735397048e+02 1.000000000000000000e+00
7.517619911785004660e+01 -3.122287472483003512e+02 4.547539233978604898e+02 1.000000000000000000e+00
7.550497192679904401e+01 -3.136479398718802258e+02 4.577790403951075859e+02 1.000000000000000000e+00
7.586329560424201190e+01 -3.152174181108130142e+02 4.607576399650424719e+02 1.000000000000000000e+00
7.619584038795437664e+01 -3.166527096146019176e+02 4.627998639550642110e+02 1.000000000000000000e+00
7.656346517032943666e+01 -3.182372597779612988e+02 4.647711976809659973e+02 1.000000000000000000e+00
7.691190374287543818e+01 -3.196786133277928457e+02 4.661442804770777002e+02 1.000000000000000000e+00
7.724419098300859332e+01 -3.211097685970598832e+02 4.680972126706619747e+02 1.000000000000000000e+00
7.760924487543525174e+01 -3.226810119772562757e+02 4.702569532860070467e+02 1.000000000000000000e+00
7.794048769969958812e+01 -3.241092235813848674e+02 4.721917176860733889e+02 1.000000000000000000e+00
7.827607817196985707e+01 -3.255406756536103785e+02 4.738405134436325170e+02 1.000000000000000000e+00
7.866153653885703534e+01 -3.271186251711333171e+02 4.751631120388628915e+02 1.000000000000000000e+00
7.900645683682523668e+01 -3.285521241317037493e+02 4.764238413708517328e+02 1.000000000000000000e+00
7.935320329788373783e+01 -3.299864267872180790e+02 4.775273351868381724e+02 1.000000000000000000e+00
7.971879795094719157e+01 -3.315498673602705821e+02 4.795006515841232613e+02 1.000000000000000000e+00
8.006242309114895761e+01 -3.329704209654591978e+02 4.809701595538645051e+02 1.000000000000000000e+00
8.040262287086807191e+01 -3.343862101099221036e+02 4.826248339852900244e+02 1.000000000000000000e+00
8.077491583116352558e+01 -3.359379802960902452e+02 4.846717931403545663e+02 1.000000000000000000e+00
8.111778284137835726e+01 -3.373525791685096920e+02 4.862195760009344667e+02 1.000000000000000000e+00
8.145800263376440853e+01 -3.387630208637565374e+02 4.879073506846325472e+02 1.000000000000000000e+00
8.183991858339868486e+01 -3.403137276427587494e+02 4.895831215328653343e+02 1.000000000000000000e+00
8.218953347415663302e+01 -3.417239704239182174e+02 4.909891634195810184e+02 1.000000000000000000e+00
8.254243412264622748e+01 -3.431335882997373119e+02 4.923455348616116680e+02 1.000000000000000000e+00
8.292367306922096759e+01 -3.446802164748078212e+02 4.940437973872758448e+02 1.000000000000000000e+00
8.327860294928541407e+01 -3.460898889628006145e+02 4.952930399345932528e+02 1.000000000000000000e+00
8.363311474933288991e+01 -3.474959958075778559e+02 4.967229359055636451e+02 1.000000000000000000e+00
8.402541047992417589e+01 -3.490424484314862639e+02 4.982623882301268168e+02 1.000000000000000000e+00
8.437646572862286121e+01 -3.504437944141682237e+02 4.999076281713787466e+02 1.000000000000000000e+00
8.476268077985150740e+01 -3.519818339976482093e+02 5.018386882757185958e+02 1.000000000000000000e+00
8.510845516499830410e+01 -3.533757599953096360e+02 5.038457870091660880e+02 1.000000000000000000e+00
8.545966561499517411e+01 -3.547698013834888116e+02 5.057823450955911539e+02 1.000000000000000000e+00
8.584879362321225926e+01 -3.563041319698095322e+02 5.078587225285009481e+02 1.000000000000000000e+00
8.619776231481228024e+01 -3.576962183405412361e+02 5.099414791456656530e+02 1.000000000000000000e+00
8.654608311533229426e+01 -3.590869107020553201e+02 5.121744236677768640e+02 1.000000000000000000e+00
8.692489902966190130e+01 -3.606141985930735245e+02 5.148795467586605810e+02 1.000000000000000000e+00
8.728462109400425106e+01 -3.620136413063155487e+02 5.168056774116703309e+02 1.000000000000000000e+00
8.764156322396593168e+01 -3.634133375304518268e+02 5.187637032019556500e+02 1.000000000000000000e+00
8.803008478943957016e+01 -3.649485554157290608e+02 5.212966001429595053e+02 1.000000000000000000e+00
8.837598895601695403e+01 -3.663418345737736672e+02 5.239120197218726389e+02 1.000000000000000000e+00
8.872318391577573493e+01 -3.677399013442918658e+02 5.263985073395306244e+02 1.000000000000000000e+00
8.911922451795544475e+01 -3.692900014483602718e+02 5.286275542945950292e+02 1.000000000000000000e+00
