1.209586510059168951e+00 -1.026564015415520892e-02 3.602490502058311450e-03
2.393188155317162558e+00 -6.812216782620061917e-02 1.160557891030622110e-02
3.612265693394705934e+00 -5.280778794195230275e-02 1.390705867563874799e-02
4.851063350278722375e+00 -1.064383897109099919e-01 1.712933311818570434e-02
6.088464923731177869e+00 -1.372133586627630186e-01 2.297990096932709184e-02
7.279402775626020450e+00 -2.053900785714488642e-01 3.090603023238099739e-02
8.520594556007120346e+00 -1.771619148278758549e-01 3.059564537784714364e-02
9.797736475669680090e+00 -1.953095353706714166e-01 3.416622112098285924e-02
1.106179813934313572e+01 -1.927051021297996880e-01 3.702892635470032834e-02
1.230870969779275015e+01 -2.497141722972375522e-01 4.136618350835719049e-02
1.354797625941390571e+01 -3.116672227374966964e-01 4.427381738983227066e-02
1.481886548035794426e+01 -3.420127148009439177e-01 4.516711292938670880e-02
1.609516614512835631e+01 -3.190006706963300909e-01 4.627128519366321968e-02
1.739817595711866005e+01 -3.686717955113761325e-01 4.965626237292346257e-02
1.867810605723291673e+01 -4.532152092596001824e-01 5.359575299379170515e-02
2.015781772968620444e+01 5.851103730628091082e-01 3.514957567768169089e-02
2.125319675584298906e+01 4.922885833976498593e-01 4.080073491195611995e-02
2.255340492883265213e+01 3.919728875549195468e-01 4.428570196103650408e-02
2.381791030925404584e+01 3.047064668518388864e-01 4.873060432172796747e-02
2.517549258815756019e+01 1.676064719949544868e-01 5.450321005322939644e-02
2.645559849739110092e+01 5.553649653972095313e-02 5.994110426400216934e-02
2.773707948121899491e+01 1.184329242474322086e-01 5.966119647887530714e-02
2.901180249381904019e+01 1.103440458186942391e-01 6.093230859622030676e-02
3.031521950945029076e+01 2.208886613953860434e-01 6.088439753935529636e-02
3.163514459359157982e+01 1.083956902149471602e-01 6.352513949983745745e-02
3.282138616145897458e+01 8.134006358409114068e-02 6.476453470864021456e-02
3.412936178054050629e+01 2.883592390231245681e-02 6.733127381897592578e-02
3.541826021967072080e+01 -4.217843013459490059e-02 6.830329879210086941e-02
3.672860442346772913e+01 -1.410122198782466918e-01 6.999287068837314885e-02
3.790993010437139787e+01 -2.694587112460649081e-01 7.258984463298533141e-02
3.920962173308938503e+01 -2.357656994878044032e-01 7.286035699889513439e-02
4.038503291335923961e+01 -2.136498035731365097e-01 7.350019477837714532e-02
4.160511483526011034e+01 -2.367527690756124625e-01 7.429307075298503815e-02
4.284729214668047348e+01 -2.702626175000906739e-01 7.471962042751392752e-02
4.410013579307319276e+01 -3.100245198176833639e-01 7.543449374594581036e-02
4.528168871069844670e+01 -3.854088476933850149e-01 7.798256715622446655e-02
4.650218299146937539e+01 -5.088925578063460131e-01 8.096558154873176316e-02
4.770306820977739193e+01 -6.875688687421052103e-01 8.438662478194457195e-02
4.887708815862937684e+01 -9.196965652082881304e-01 8.946354045611466799e-02
5.005816738802614196e+01 -1.123673927241442216e+00 9.342883539113540359e-02
5.126604414337615623e+01 -1.248396080214882353e+00 9.649963389103778655e-02
5.249510173320948780e+01 -1.390294351616588209e+00 9.975792573570035904e-02
5.371197640587254796e+01 -1.492769469570662588e+00 1.023067572031216843e-01
5.488131460173519827e+01 -1.698259482817585431e+00 1.062444530227041606e-01
5.597379402239447188e+01 -1.776119286572832356e+00 1.083730550291148315e-01
5.711565610789937608e+01 -2.028078535013573269e+00 1.127790576709550158e-01
5.829524274358536218e+01 -2.159871550471596624e+00 1.150404817620714615e-01
5.950076044531827080e+01 -2.386342649486712375e+00 1.187389531007240762e-01
6.061711444570200058e+01 -2.577570244766482332e+00 1.226445304168682637e-01
6.163043025128094854e+01 -3.124408522818096667e+00 1.312683233185485132e-01
6.276427902013617910e+01 -3.422645380412860483e+00 1.359614251620314407e-01
6.396786696446004328e+01 -3.747098991263199785e+00 1.415298361990640075e-01
6.507730048206454398e+01 -4.125281343914785737e+00 1.477673007216850909e-01
6.619609325398941735e+01 -4.520048204571455841e+00 1.542607206487839056e-01
6.728293257202626876e+01 -4.893897379365932387e+00 1.599835572144941431e-01
6.841564063029547071e+01 -5.143869067212314405e+00 1.642300846071945430e-01
6.956192718750173754e+01 -5.494216648593171826e+00 1.692910393712408479e-01
7.068076708254162099e+01 -5.844537172576172779e+00 1.744304240501067804e-01
7.188734811514443379e+01 -6.566430485010805285e+00 1.853316510566224151e-01
7.299719879284316448e+01 -6.994741259814518664e+00 1.913743925282255509e-01
7.408304547717587241e+01 -7.400062481623363553e+00 1.969891274986657337e-01
7.523757332032336365e+01 -7.496856773811055419e+00 1.990156387396632975e-01
7.628610290303477370e+01 -7.874094895707607122e+00 2.038981190702748580e-01
7.735871618575927755e+01 -8.227490137866308118e+00 2.082876706748431617e-01
7.836505219419200330e+01 -8.391802293065135032e+00 2.104870448312049780e-01
7.940560732173366887e+01 -8.676207889246139615e+00 2.138878656191929017e-01
8.039063631464246384e+01 -9.018666654584944098e+00 2.178544280202940053e-01
8.136863972154665703e+01 -9.276741529870335512e+00 2.218066591922608910e-01
8.232794379092614179e+01 -9.573288598737446975e+00 2.256500719887838402e-01
8.327051055847064731e+01 -9.777249010252235806e+00 2.277260153618727578e-01
8.422300253151325933e+01 -9.880131340361431924e+00 2.290505265334785434e-01
8.512606846924924753e+01 -1.006550401592435406e+01 2.313103195946276114e-01
8.605455785394255486e+01 -1.020043624841918728e+01 2.329373812659484011e-01
8.694662587333864678e+01 -1.026857728614806575e+01 2.339919344553005043e-01
8.787486551063213369e+01 -1.032595249748202804e+01 2.345730295160301793e-01
8.872942053934892215e+01 -1.061539817782686512e+01 2.374281707521401219e-01
8.958315303442984145e+01 -1.075732679595545882e+01 2.388816055295207297e-01
9.049400991851500464e+01 -1.064265828833233662e+01 2.382931298750613491e-01
9.136117586980685701e+01 -1.081440353431279711e+01 2.400714609859415649e-01
9.218669910675744461e+01 -1.050546316292392746e+01 2.375992125830256596e-01
9.302631368410452239e+01 -1.060205255120481382e+01 2.386896507390236788e-01
9.380860457723065338e+01 -1.083406111969466679e+01 2.410113094488788577e-01
9.461025029689412236e+01 -1.087724371455368200e+01 2.415381812829673625e-01
9.537710124616664586e+01 -1.094396422797770896e+01 2.423459704137463644e-01
9.609215990086637760e+01 -1.114202583249291223e+01 2.442278563863995167e-01
9.682912754698227786e+01 -1.130931227253277527e+01 2.459751908767568995e-01
9.751538762694062257e+01 -1.147046117627662909e+01 2.486010679626998177e-01
9.818376691028670677e+01 -1.164917326394532893e+01 2.503221283703545019e-01
9.885110754623383400e+01 -1.183517048677548189e+01 2.521006911411191598e-01
9.948594231088343065e+01 -1.190732263062967178e+01 2.529871860588477350e-01
1.001047006217955868e+02 -1.199104404161099069e+01 2.539687936216676878e-01
1.007084829331668487e+02 -1.218081598812207389e+01 2.558637896139339118e-01
1.012906566036826490e+02 -1.240779286174109153e+01 2.581268563782537773e-01
1.018657810821473646e+02 -1.250176208820402657e+01 2.592709775463130084e-01
1.023709783058700538e+02 -1.280369227582224312e+01 2.620547247605912178e-01
1.028987779283440460e+02 -1.297734874618752698e+01 2.637302318879390373e-01
1.034091763615616486e+02 -1.317354346905479900e+01 2.656594122906731914e-01
1.039026358279464972e+02 -1.333559336739069678e+01 2.672918703532541906e-01
1.043984551212659539e+02 -1.353186918771388392e+01 2.690661822522725233e-01
1.048740491248213687e+02 -1.368516120188844987e+01 2.705399825517557089e-01
1.053095518626054741e+02 -1.377578109892236569e+01 2.716280494106983467e-01
1.057315599693410491e+02 -1.395941583927059249e+01 2.732993825771960483e-01
1.061413494956488819e+02 -1.410042046229875723e+01 2.745121246290747052e-01
1.065254890761990083e+02 -1.423130690104333596e+01 2.757704345340266650e-01
1.068701241742458166e+02 -1.446763492299379905e+01 2.781313710027677466e-01
1.072862694062152826e+02 -1.447457455842975094e+01 2.781175592831169885e-01
1.076564392904205221e+02 -1.452631938381324517e+01 2.785935501684436710e-01
1.080125421951345004e+02 -1.448085266309679575e+01 2.783068203295667176e-01
1.083489308345231876e+02 -1.451398491350640185e+01 2.784753370882165346e-01
1.086536948326735796e+02 -1.447922123603307121e+01 2.782236847266842394e-01
1.089522964542213117e+02 -1.452133297593116978e+01 2.784897473804232026e-01
1.092764482900726080e+02 -1.447661982562151550e+01 2.780771399548427336e-01
1.095429275215202978e+02 -1.446753374016273597e+01 2.780071674077932986e-01
1.098051264637186506e+02 -1.447069719193965298e+01 2.779081186280423776e-01
1.100649509771810557e+02 -1.446992626135224036e+01 2.778845213843055273e-01
1.103208879591438318e+02 -1.446312924152675450e+01 2.778136076662500176e-01
1.105494987341375008e+02 -1.449493218917091575e+01 2.780667855808713340e-01
1.107861735327233816e+02 -1.454235055732220516e+01 2.783530419669121847e-01
1.110126270482964514e+02 -1.451017653793022077e+01 2.780748058641507314e-01
1.111930540968473196e+02 -1.457990217302152303e+01 2.785342995593644289e-01
1.113732744702445530e+02 -1.458998748105202381e+01 2.785444561332421354e-01
1.115633468183139314e+02 -1.452660115660759388e+01 2.780849711667402469e-01
1.117420963103345173e+02 -1.454678930784855950e+01 2.781000112088966580e-01
1.119449755665430359e+02 -1.445721532236575868e+01 2.772876034531528977e-01
1.120936864373314421e+02 -1.447211903200780014e+01 2.773376682718102226e-01
1.122489327384564888e+02 -1.448222123115033710e+01 2.773127059256124682e-01
1.123786868675155119e+02 -1.450098388295611151e+01 2.774496161551792683e-01
1.124899645775140584e+02 -1.451692617503158900e+01 2.776252465962097404e-01
1.126434410380583273e+02 -1.442108123913740769e+01 2.768336879794167649e-01
1.127496281049939881e+02 -1.442181239881304933e+01 2.768223025550933247e-01
1.128639387396606679e+02 -1.443227580800867926e+01 2.769109050099116121e-01
1.129058971588682994e+02 -1.465880655890710571e+01 2.786248970209498355e-01
1.130100326557706012e+02 -1.465849409559661964e+01 2.785176245407216533e-01
1.130788538280392288e+02 -1.479414294347582981e+01 2.794829666004192692e-01
1.131785247086284301e+02 -1.483683890024239993e+01 2.797459440846958856e-01
1.132593832643090224e+02 -1.487943870630337528e+01 2.799540776774452344e-01
1.133479867795995091e+02 -1.492309848717050436e+01 2.802278052272275666e-01
1.134407325243676325e+02 -1.500919708865242086e+01 2.808840045860079848e-01
1.135329032044822384e+02 -1.504590200365932340e+01 2.813251600863501678e-01
1.136174504625478505e+02 -1.509733333706110159e+01 2.816872475417267485e-01
1.137122020307571262e+02 -1.517397499466829913e+01 2.823007085212131395e-01
1.137948591147215467e+02 -1.523890224605237975e+01 2.827969748426498175e-01
1.138641531092316939e+02 -1.530434609517209665e+01 2.832826799288351571e-01
1.139388142421801149e+02 -1.537709616895838138e+01 2.838970920875040216e-01
1.140167973434174797e+02 -1.544985747892016548e+01 2.844518946510791180e-01
1.140868444762036091e+02 -1.549326263468927678e+01 2.847568371975653934e-01
1.140712827499536246e+02 -1.559663536588531230e+01 2.859049768917331646e-01
1.141242373729619146e+02 -1.564197620091742280e+01 2.862610976711383870e-01
1.141902375704445660e+02 -1.568897372177342575e+01 2.866221516989910789e-01
1.142458587976937991e+02 -1.573964041473495357e+01 2.869824283007691434e-01
1.142817589495726338e+02 -1.582862135822070115e+01 2.875716758873462786e-01
1.143169125068887269e+02 -1.590966356540594084e+01 2.881479842606919917e-01
1.143549046225973314e+02 -1.592854215606427992e+01 2.883103596640855248e-01
1.144069935245015870e+02 -1.597083933374197962e+01 2.885721701775429970e-01
1.144441038487586013e+02 -1.605189669475553416e+01 2.892266341124565820e-01
1.145051333658114601e+02 -1.610507916468590395e+01 2.895966392068918815e-01
1.145394483236852352e+02 -1.614586506781705921e+01 2.898985317262943728e-01
1.145763667519583038e+02 -1.618815085915826657e+01 2.901907000158743255e-01
1.146114480020151802e+02 -1.616478134404596645e+01 2.899102429263621938e-01
1.146534337986002328e+02 -1.620687101584979573e+01 2.901634282178228719e-01
1.146748319619725009e+02 -1.629145252690113921e+01 2.906970549976932161e-01
1.146920962948713765e+02 -1.636237693173389118e+01 2.912529818947478533e-01
1.147127539442779636e+02 -1.635510344352102408e+01 2.911281060033625856e-01
1.147178887174530217e+02 -1.646519966146895086e+01 2.919747786026312131e-01
1.147340349488575839e+02 -1.653160219413191356e+01 2.925005940797807957e-01
1.147307966556284953e+02 -1.659272505008701870e+01 2.929746514363738008e-01
1.147183323133898227e+02 -1.672636254774657161e+01 2.940169807334209739e-01
1.147400603216412662e+02 -1.678659760106127763e+01 2.943998799191426818e-01
1.147369524857048049e+02 -1.682059132939988899e+01 2.944632153361793625e-01
1.147450767115348071e+02 -1.674722852949618357e+01 2.939237523555607301e-01
1.147422339043266106e+02 -1.678944907635252548e+01 2.942288887456890323e-01
1.147524826672166540e+02 -1.679697908919070670e+01 2.942314845135329815e-01
1.147546030470333278e+02 -1.676386392622311661e+01 2.938601861682455518e-01
1.147569870402093812e+02 -1.672753499450536196e+01 2.934457727180422304e-01
1.147498779617555726e+02 -1.675933313590709162e+01 2.934768425261460867e-01
1.147544545678552055e+02 -1.674998889297659233e+01 2.933029807493095498e-01
1.147711261472053081e+02 -1.679854704685405409e+01 2.935836678056868432e-01
1.147846388903131896e+02 -1.684670906380291555e+01 2.938524544154864637e-01
1.147909839926800402e+02 -1.680588380736181620e+01 2.934809304657588491e-01
1.147856232070608087e+02 -1.682431597766354869e+01 2.936248823547066289e-01
1.148046810122450836e+02 -1.686518656195043420e+01 2.938432754097539124e-01
1.148290523446859339e+02 -1.688748407783404915e+01 2.938555097719927067e-01
1.148265906322847911e+02 -1.690540848166915566e+01 2.937702471908177349e-01
1.148224765158520455e+02 -1.701181940939827086e+01 2.942122559575166552e-01
1.148331618029143755e+02 -1.696075049294682202e+01 2.937410756172702531e-01
1.148433244351359690e+02 -1.694928252389316725e+01 2.936506068995847762e-01
1.148124488843452298e+02 -1.715629520400678132e+01 2.949151182514284653e-01
1.148318109843570483e+02 -1.717488718664925074e+01 2.950695646746410716e-01
1.148414453553347130e+02 -1.711811727782676584e+01 2.945729848301816833e-01
1.148571559503345156e+02 -1.707590966994575155e+01 2.942474182326745291e-01
1.148715629372372433e+02 -1.711221331085380370e+01 2.944920163111945377e-01
1.148753844438111145e+02 -1.712642204583535488e+01 2.945906407645874636e-01
1.148765646578572444e+02 -1.719795795755097245e+01 2.951786533348914054e-01
1.148578013539655842e+02 -1.754450240324454313e+01 2.974587256840056648e-01
1.148664373166141104e+02 -1.759078572640439830e+01 2.978286653554869101e-01
1.148874547638543930e+02 -1.764473174041753722e+01 2.983267283833486716e-01
1.149079962517019737e+02 -1.767778612876600164e+01 2.985264941385981641e-01
1.149178880448964009e+02 -1.769752967281410250e+01 2.987206360487119072e-01
1.149460015903207619e+02 -1.778165788981673145e+01 2.993575400717922719e-01
1.149604845337775600e+02 -1.784027142559743240e+01 2.997738222891669357e-01
1.149778745460941991e+02 -1.784196630999136701e+01 2.997732696561902221e-01
1.149665816652946120e+02 -1.809785904943240098e+01 3.014670740739376908e-01
1.149811157901138046e+02 -1.810114638560880707e+01 3.015030000956189227e-01
1.150190552258753200e+02 -1.817207925594438578e+01 3.019246866755092018e-01
1.150323513378322957e+02 -1.820329922411724155e+01 3.020832680020469896e-01
1.150672839380040102e+02 -1.822186274267235007e+01 3.022002314411256219e-01
1.150922265895234062e+02 -1.827103512693869192e+01 3.024773402909320397e-01
1.150961799475333436e+02 -1.835619059946517595e+01 3.029240196264766927e-01
1.151037056543078307e+02 -1.852845755904370506e+01 3.039393034449381359e-01
1.151405449081056105e+02 -1.864266546601405139e+01 3.047610936538499571e-01
1.151859305211467444e+02 -1.865517583126224466e+01 3.048546310107044799e-01
1.151740161964775524e+02 -1.891544282014426059e+01 3.066521437472927158e-01
1.151855913411736054e+02 -1.904879300872289960e+01 3.077066559330512430e-01
1.151875347379253043e+02 -1.919612645765487713e+01 3.088079037239218061e-01
1.152222951092865912e+02 -1.910523431574916842e+01 3.082113488066026141e-01
1.152117005377372436e+02 -1.910372366744466888e+01 3.083483160567372372e-01
1.153621979290586239e+02 -1.934752259782161232e+01 3.101884565845193786e-01
1.153795345611548981e+02 -1.935071615974551307e+01 3.102656555233332392e-01
1.153511471800119068e+02 -1.942592380523461415e+01 3.106446761337828821e-01
1.153628175455767177e+02 -1.939684418409796507e+01 3.104390719706265345e-01
1.153405983108725366e+02 -1.958254961435738295e+01 3.113579418125441145e-01
1.153569159071159760e+02 -1.955996793127946631e+01 3.111467718835781437e-01
1.156403682063485263e+02 -2.011253140365757730e+01 3.160856007163974635e-01
1.156334497046131986e+02 -2.033581037126821656e+01 3.174978857712746905e-01
1.156652465831683401e+02 -2.071762645459528329e+01 3.199067966615758429e-01
1.158446633193219810e+02 -2.098785158012918117e+01 3.225336531409877527e-01
1.159154441090932579e+02 -2.120386662733963234e+01 3.241208019496068515e-01
1.159175773852189906e+02 -2.175260075394108128e+01 3.270759259818597497e-01
1.159493339759216610e+02 -2.179902316409740948e+01 3.280793726417656764e-01
1.160254614402060014e+02 -2.215080061684976442e+01 3.305326245633716797e-01
