9.325873406851314940e-15 2.842170943040400743e-14 2.107342425544701733e-08
1.053056541727912443e-03 -3.770826089136028979e-03 8.590651815457217089e-04
2.116560126053265885e-03 -6.283788453438944599e-03 2.124375346054764666e-03
3.218409845666732588e-03 -5.914097522715129097e-03 3.180441403532285709e-03
4.031419918398176580e-03 -6.211203091155593700e-03 3.142904354308062240e-03
3.469239795086782700e-03 -4.867260409279863462e-03 3.481963808581046114e-03
4.433438128194168437e-03 -5.563615424576516359e-03 4.201619876187812595e-03
4.592152420132469132e-03 -7.776349425242991970e-03 5.132286993048006465e-03
6.786067494093848095e-03 -1.090109561791976524e-02 6.501721061916323000e-03
8.469220712296230205e-03 -1.038108465603457958e-02 8.216913850056959887e-03
1.687710496817738937e-02 -1.870919275098422568e-02 9.299563728618401998e-03
2.057397213910592410e-02 -2.197425344754315099e-02 1.104950616894751804e-02
1.898370293962186109e-02 -2.215638499648742848e-02 1.031692180430419936e-02
1.801700516659593410e-02 -2.246550250421103581e-02 1.018844860349484710e-02
1.836735004499620919e-02 -2.275024902499721974e-02 1.023078545609092463e-02
1.733136830281013091e-02 -2.325450884081224634e-02 9.877267577827877898e-03
1.623969448106837854e-02 -2.498913358628349415e-02 8.899911135282509086e-03
1.426254136762732452e-02 -2.271685434164673334e-02 8.093107826380915512e-03
1.005578727424077945e-02 -2.153866379113435550e-02 6.559867274082057005e-03
5.257284354538089080e-03 -1.704245046250078832e-02 5.419110881335799032e-03
4.696445076011612416e-03 -1.533209450897771164e-02 4.506699113398977136e-03
3.452535463863087330e-03 -1.624362923679685197e-02 3.963343131826244613e-03
1.954973090177537353e-03 -1.531609111590618091e-02 3.594864315242864497e-03
4.366664178881375126e-03 -1.721837494540344460e-02 4.692301280680447918e-03
4.862533577615284208e-03 -1.856858954918554419e-02 4.991499126660500600e-03
5.263613873732982118e-03 -1.956379216392380854e-02 5.454795755499976945e-03
5.029670872614131968e-03 -1.725885292053237763e-02 6.414466706422975416e-03
6.230495351082231820e-03 -1.870807893321618440e-02 7.352436114436462430e-03
7.018084207077335268e-03 -1.832320454856236486e-02 8.284181776487315255e-03
8.052677320260191035e-03 -1.948724785649620997e-02 9.680387659707500800e-03
9.227267671033255805e-03 -2.271500023358229148e-02 1.094317545871393779e-02
7.474939837083282787e-03 -2.344148172470209360e-02 9.911254444560813059e-03
5.931267006444885040e-03 -2.213046700842522321e-02 9.357269045078081549e-03
3.361729515927842915e-03 -2.030638778233700634e-02 8.638160505170114703e-03
2.811269718811760902e-03 -2.242289208712141060e-02 8.231303693970020915e-03
4.744768055867399151e-03 -2.322283522601611624e-02 7.825843781356228712e-03
3.620278328507362149e-03 -2.873355113259389026e-02 6.182585165314529417e-03
-7.673086809660513083e-04 -2.395595034618792571e-02 4.731801519817748630e-03
-1.162446364474019680e-03 -2.239488035241435707e-02 5.929073900298858883e-03
4.790389253301224112e-04 -2.360219144075453163e-02 7.028154078437941037e-03
8.526603593033563666e-04 -2.634401785353640210e-02 8.389538252759268580e-03
7.564552565466405032e-03 -3.286200902403003943e-02 9.969049891743710784e-03
6.217583648478261157e-03 -3.096924002874822113e-02 9.652607995433458432e-03
6.207044218954809248e-03 -3.276103694344469075e-02 9.244246439814146274e-03
7.628263534675624666e-03 -3.501848496322883253e-02 1.031903041861260105e-02
8.872277237409288003e-03 -3.782424613478799907e-02 1.098512982131812261e-02
9.728600424384248671e-03 -3.864291448218496600e-02 1.158611396956861841e-02
1.004351590509326882e-02 -3.749349546175644726e-02 1.234703708315841759e-02
1.135787870346316800e-02 -3.887936117066941727e-02 1.276133178705048457e-02
1.043023757525439292e-02 -3.786579973918490633e-02 1.276628131702971757e-02
1.044879402620961170e-02 -3.902878638013118628e-02 1.334474151818355360e-02
1.014464611665505563e-02 -4.025056623853399268e-02 1.442206546267009275e-02
7.802211794432906480e-03 -3.862604860569925080e-02 1.402376507541583384e-02
7.441190332339640487e-03 -3.941727724440505926e-02 1.370412900545350809e-02
6.008325992665074396e-03 -3.942808654979967214e-02 1.353059711208622756e-02
6.209880518805864676e-03 -3.982479219250203983e-02 1.286792745966459234e-02
2.489601260420811792e-03 -3.574214793659359624e-02 1.214742791107271611e-02
4.194493975149715843e-04 -3.570164497848596352e-02 1.113897517788169436e-02
-7.618624735778697140e-04 -3.472641371785745862e-02 1.001428639093381208e-02
-4.390900163622805941e-03 -3.453953463410874142e-02 8.849432579065698995e-03
-5.162704022687893829e-03 -3.186730132513698743e-02 7.418320283198197480e-03
-8.070925990086477708e-03 -3.107469060729227406e-02 6.261087939324955741e-03
-9.724413132086212955e-03 -2.872199893477219226e-02 5.927806759466312629e-03
-1.115748983760373250e-02 -2.850238774466600997e-02 6.256395538687667922e-03
-9.669452863104709486e-03 -3.023445988010198260e-02 6.428270117811388067e-03
-1.058818830607417827e-02 -2.896435941526773888e-02 5.422891462918998269e-03
-1.357834813159535838e-02 -3.137090422020278463e-02 3.805902649775021445e-03
-1.292178633012727555e-02 -3.069118197952858118e-02 4.186615272187069192e-03
-1.086172010385011433e-02 -3.152255930462208311e-02 4.950871995659385585e-03
-9.485336881153084987e-03 -3.308802357836671676e-02 6.072278430550374397e-03
-3.449978942223104472e-04 -4.114569034151334403e-02 6.822049848574435714e-03
-3.271814982700699628e-04 -4.124362342365815032e-02 6.909520021795081957e-03
-1.859970544112324493e-03 -4.504083578091227363e-02 6.142898060297442321e-03
-2.802885271766337484e-03 -4.650441232186421081e-02 4.982167348652245982e-03
-1.319296002520844394e-03 -4.702680702519991540e-02 5.720263785970455123e-03
-6.563287878917625426e-04 -4.799240776568167166e-02 6.149660893407122089e-03
-3.552875834137231769e-04 -5.044656512565257739e-02 6.726173902654821769e-03
-2.838042978193470924e-03 -4.859684281261533734e-02 6.064219912784827790e-03
-3.293470699296916111e-03 -4.870873633108087353e-02 6.198042843506713223e-03
-3.342947019358442559e-03 -4.927479739675229981e-02 5.998636238059084497e-03
-2.710000870453452542e-03 -5.137175650186352749e-02 5.717989338182005547e-03
-5.259071417324547026e-03 -5.107671611688793106e-02 4.383271794357667533e-03
-1.535174317111511963e-02 -4.534936005284691263e-02 3.729618112572169117e-03
-1.524385333995164488e-02 -4.635612815219346261e-02 3.857515077931365083e-03
-1.525659379012037076e-02 -4.599404212352248278e-02 4.362454796268678582e-03
-1.422305548303390982e-02 -4.749452254260527057e-02 5.214683491237342809e-03
-1.230543741592667398e-02 -5.482219586953475388e-02 6.250104606145248827e-03
-8.579127886654115340e-03 -5.745871369335078110e-02 8.028159993397641914e-03
-6.632905013777220388e-03 -6.277824603364949574e-02 8.748401220215704446e-03
-4.531544300922557902e-03 -6.424952476137238411e-02 9.340983159476873299e-03
-4.918895692946769795e-03 -6.307618320805730150e-02 9.870749321062528836e-03
-7.292227737709005078e-03 -6.375892562526382090e-02 8.725909479188427229e-03
-8.076287524873045770e-03 -6.130749419774954301e-02 8.372363774644600923e-03
-9.509243434079255736e-03 -6.202130354170436177e-02 8.075928405501028168e-03
-9.704617022349920977e-03 -6.631297160403892832e-02 7.657863854084733489e-03
-1.005537136372549809e-02 -6.690032448723208514e-02 7.662577990134452136e-03
-1.076530438865852014e-02 -6.792676401200319070e-02 7.078504755211863751e-03
-1.079880729169965109e-02 -6.976723074004498315e-02 5.642519238519132750e-03
-1.291083549995090951e-02 -6.781480006242252001e-02 4.375713676645256144e-03
-1.662677525556869804e-02 -7.154059160575040877e-02 2.416040767415373377e-03
-2.006473320524032600e-02 -7.393443785755794695e-02 4.057159608282193022e-04
-2.456675811622049607e-02 -7.077201889949137625e-02 1.138387178607094916e-04
-2.656311892849991599e-02 -7.007921336772610088e-02 4.618590753957357809e-04
-2.667799175103780646e-02 -7.122368531953615634e-02 7.670184589670952938e-04
-2.818564972131223575e-02 -7.102608587417660879e-02 1.197376700051654879e-03
-2.845727254224572969e-02 -7.280764355278537825e-02 1.575737834437980532e-03
-3.065669990193558084e-02 -7.552465790436316273e-02 2.720379212275512906e-03
-3.445699925179041001e-02 -7.886184200506406172e-02 4.725485567076359583e-03
-3.484803019273718938e-02 -7.783328848597789729e-02 6.114170794673928593e-03
-3.865630253601781696e-02 -8.144389274745650331e-02 8.012888580497673496e-03
-3.817478833496846385e-02 -8.079681667143785717e-02 8.976713640603142461e-03
-4.056325645949396264e-02 -7.913903869920797807e-02 9.919158528680036349e-03
-4.128675775748467253e-02 -8.048083601643343798e-02 1.044766092571297947e-02
-4.158768387283585249e-02 -7.960369648735383941e-02 1.115947761306481170e-02
-4.582891251460782800e-02 -8.061310134494170665e-02 1.302776876861528287e-02
-4.888810663418425434e-02 -7.868485641977035483e-02 1.385371894535769068e-02
-5.462983783480618999e-02 -8.718865020667017351e-02 1.538228288771116038e-02
-5.705787727310285967e-02 -8.930641553857307513e-02 1.667566449551606197e-02
-5.911346077180906072e-02 -8.849281271264895776e-02 1.773627123868790068e-02
-6.110883076229124689e-02 -9.091903390244814032e-02 1.869981496389276285e-02
-6.292061921381356115e-02 -9.073050657085490744e-02 1.957595845166202123e-02
-5.960212089304443850e-02 -9.220154359374237163e-02 1.897659199357574003e-02
-5.793257270430787753e-02 -9.261555165364825093e-02 1.813575435760842250e-02
-5.694967463011500058e-02 -9.279064137946127500e-02 1.725681974803577531e-02
-5.552646386440103499e-02 -9.296195319097101673e-02 1.590041414478395379e-02
-5.374777766248035882e-02 -9.435405062114698982e-02 1.470386546075119587e-02
-5.363834645315957578e-02 -9.611302587997880287e-02 1.307970014562516783e-02
-5.157078616956145556e-02 -9.917209636765672576e-02 1.216138038726758547e-02
-5.106822670203060854e-02 -9.890622248464020494e-02 1.176604550755632264e-02
-5.039804620781683508e-02 -1.004913821235618454e-01 1.155610713133409240e-02
-5.187426985443382293e-02 -9.861716295542172217e-02 1.029423466894743844e-02
-5.083669100633093907e-02 -1.037645529464790994e-01 9.092776254541757794e-03
-5.098492472285052340e-02 -1.087485140986497040e-01 7.934777848215796708e-03
-5.195035636727828032e-02 -1.090338390453830381e-01 8.457737561838495760e-03
-5.366142018392272561e-02 -1.070656380366402094e-01 8.287021781661787698e-03
-5.277394182675868017e-02 -1.081939456091419866e-01 7.867209706732863211e-03
-5.187292712720831256e-02 -1.106448812875569510e-01 8.551151756257381262e-03
-4.983643275382305948e-02 -1.128450001400200797e-01 7.960600115401797461e-03
-4.942115148960504745e-02 -1.134333616082760787e-01 7.720776503909593247e-03
-4.952308585951887415e-02 -1.138510405756705396e-01 7.347927377517755529e-03
-4.893093461649267867e-02 -1.156542109087138198e-01 6.642357644558560814e-03
-4.849168446950291589e-02 -1.178058689379978402e-01 6.124369968087466261e-03
-4.712966979187968586e-02 -1.200141054356103770e-01 5.222486582830021366e-03
-4.507797575889176123e-02 -1.229236572038290704e-01 4.082434236929134534e-03
-4.280564058879776645e-02 -1.250583296456025395e-01 2.760314002457211775e-03
-4.054815663138114368e-02 -1.281824064127829177e-01 1.937368797482441922e-03
-4.052615017614166065e-02 -1.265916419860169950e-01 1.000492465784244903e-03
-4.348711569046399827e-02 -1.258659717687178048e-01 1.810265513128676840e-03
-4.483736053501018171e-02 -1.251338826469543808e-01 1.891582620208463522e-03
-4.468473566494303439e-02 -1.264148636737641718e-01 1.980209289836521239e-03
-4.590641172513633406e-02 -1.285456510979461064e-01 2.439900440446004810e-03
-4.691412487671359904e-02 -1.286857852851462092e-01 2.736291335533959194e-03
-4.850498054280772547e-02 -1.304634890138344494e-01 3.346028640196200762e-03
-4.717652204008038197e-02 -1.296285465614963328e-01 4.317884823414322101e-03
-5.046655783392241246e-02 -1.302189953546735168e-01 5.747134717551794988e-03
-5.389400316533227847e-02 -1.295387466331404946e-01 6.484647786555674392e-03
-5.453919796058547681e-02 -1.356456196825064908e-01 6.568872011182259017e-03
-6.188614036600120771e-02 -1.721978546689535983e-01 7.874978330507447291e-03
-1.203362703306935511e-01 -1.586285182392159487e-01 6.602984729378259289e-03
-1.903070869095817019e-01 -1.431777645425916790e-01 2.892602501748422518e-03
-1.817929440405271213e-01 -1.183579251254774367e-01 6.706990020073062917e-04
-1.635912459341235803e-01 -8.424095387641870880e-02 6.176228723741386886e-03
-1.444130657419123442e-01 -4.812898321044853378e-02 1.178947713849293373e-02
-8.705164938950357700e-02 -1.448407200640239312e-02 1.447692890784174451e-02
-1.011687192500073385e-01 2.387753422635004869e-02 1.978560546938330778e-02
-1.421470039285903098e-01 4.270023906350338405e-02 2.140237523489015720e-02
-1.494317416919738462e-01 7.581857369665200019e-02 1.761557477692063042e-02
-1.661322865010202987e-01 1.004146644771047869e-01 1.563970904971521275e-02
-1.338220019959226736e-01 1.325009656978340944e-01 1.160928091015705696e-02
-9.639950040637335071e-02 1.649818089782306429e-01 2.889147118198093136e-03
-8.771852576486610653e-02 1.937146394731032728e-01 2.785798558859212300e-03
-3.520280497326791491e-02 2.054904344762254198e-01 1.174109122012270516e-02
-1.312197277901468173e-02 2.044543259805981783e-01 2.078702581458297116e-02
-2.715899188084160490e-02 2.413750207388461189e-01 2.352011209342919421e-02
2.401757179734634318e-03 2.365867502122749044e-01 2.655440879367728518e-02
-3.151705021336877448e-03 2.914799326205498864e-01 2.841750389713605315e-02
-1.870891399553175141e-02 3.026632238217187854e-01 2.777079606292593220e-02
-1.837578638693811509e-02 3.239825767123744038e-01 2.719167923000146911e-02
-1.389311945624770520e-02 3.402727604906087833e-01 2.653961243116700897e-02
-1.768274941447693649e-02 3.772108987887184406e-01 2.595235805401754914e-02
-3.832305686175181691e-02 4.024039137623515172e-01 2.573440585557892554e-02
-8.831644679082976956e-02 3.995672137688903724e-01 2.698138578856702774e-02
-1.044143066672816728e-01 4.491340169010815120e-01 2.709852427530188776e-02
-1.087630702208701727e-01 4.567532451625384016e-01 2.965928019054533959e-02
-1.413208205218318692e-01 5.030148736272546106e-01 2.756703282151101372e-02
-1.452079403904318333e-01 5.259799310308612696e-01 2.449659607797105218e-02
-1.087642309228383231e-01 5.887880775131081323e-01 2.378973134314377874e-02
-1.008139547755055737e-01 6.363448136753446782e-01 2.373093030028713621e-02
-1.145449808168622768e-01 6.726644891057499409e-01 2.274055120808153585e-02
-1.482907764421443897e-01 7.082552857645614264e-01 2.182108180838513919e-02
-1.343253521208446488e-01 7.715118132628424608e-01 2.029845823136154290e-02
-9.238216899083614986e-02 8.126153589772788788e-01 1.900151739944155524e-02
-9.811245194982330664e-02 8.582600330347696094e-01 1.837708314593907918e-02
-1.066741182822819184e-01 8.991762227928681295e-01 1.632737241980793466e-02
-8.680859100489410340e-02 9.541491351964480616e-01 1.647576815744134296e-02
-9.827768576669562717e-02 9.974696560628042441e-01 1.667789593017028615e-02
-1.038599717049665666e-01 1.049307539410486045e+00 1.383109880150551127e-02
-6.184664564175849921e-02 1.085426763637943326e+00 1.135081939937957092e-02
-5.010217844928610553e-02 1.135532825133618529e+00 1.117508514543855656e-02
-5.563813233204362163e-02 1.162383677971673190e+00 9.941738572390803469e-03
-4.611946726483903691e-02 1.206431295715199692e+00 8.834313112983641428e-03
-3.120669559384504910e-02 1.234992737164381182e+00 5.203608074591158095e-03
-5.217516549837498269e-02 1.264553859907192157e+00 9.560990097614652586e-04
-7.687642836138429414e-02 1.297759131855133585e+00 6.719011267761101046e-03
-9.119027259745522695e-02 1.336305084163505130e+00 2.009865357728170265e-02
-8.672382062457095753e-02 1.371928047822544627e+00 3.282400533633807183e-02
-9.788159123778107651e-02 1.418462923821743882e+00 5.130163138412795198e-02
-9.819370441824737394e-02 1.445259741959392441e+00 6.876189772630697528e-02
-1.233551259609161066e-01 1.474795451333319019e+00 8.629389412896855405e-02
-1.571711119301376358e-01 1.495272292998574892e+00 1.036053331550288586e-01
-2.012433253751653162e-01 1.514049630777470012e+00 1.227863793951191190e-01
-2.096468940833818018e-01 1.534013333211236896e+00 1.414154600568543196e-01
-2.082513556467829596e-01 1.554181620165732136e+00 1.596437061002560498e-01
-2.391463960920463538e-01 1.585455617134536199e+00 1.781302083725058716e-01
-2.695264789111008752e-01 1.616367170723598035e+00 1.959995211488336220e-01
-2.642203280682671740e-01 1.639444332116467784e+00 2.147076484284285158e-01
-2.547389096002988795e-01 1.656992625208592029e+00 2.322456134120854943e-01
-2.847938455913573419e-01 1.699318456560880097e+00 2.482980980535591242e-01
-2.992735300943935584e-01 1.715310709599605854e+00 2.648914424651605537e-01
-2.926573373922222165e-01 1.747158859725007174e+00 2.821258267900532135e-01
-3.009341238877519809e-01 1.781308260293683610e+00 3.010431427666086512e-01
-3.143455665464105486e-01 1.800471655925532932e+00 3.186564107179668537e-01
-3.437543605789082912e-01 1.840970175363631167e+00 3.368382715912251468e-01
-3.855158161035488473e-01 1.846688468681339401e+00 3.558563519552456200e-01
-4.249909587096659669e-01 1.879328246604230035e+00 3.748652302244450119e-01
-4.772447029425697096e-01 1.904784014573153383e+00 3.972173085633681766e-01
-5.010739953758134302e-01 1.921079767197895194e+00 4.191525026826190548e-01
-5.459090629377628678e-01 1.935397619845065309e+00 4.417884705041054683e-01
-6.193982189741414901e-01 1.956889989202492686e+00 4.653080871430851917e-01
-6.905291827706120378e-01 1.943491038337251675e+00 4.894701847009771400e-01
-7.211673431162521908e-01 1.965512208360270741e+00 5.122856663538392086e-01
-7.803445610693909851e-01 1.989538837869528676e+00 5.364303310186566698e-01
-8.809571263049272849e-01 1.985507779808376894e+00 5.627346298973890937e-01
-9.335225429336180270e-01 1.988115803160975803e+00 5.905753282361020373e-01
-9.521301564589151889e-01 1.980582239399076627e+00 6.160466775756434643e-01
-1.007379003823781982e+00 2.002732065284576368e+00 6.390732249171794388e-01
-1.097020736958212339e+00 1.989795915924178038e+00 6.630226704929655934e-01
-1.201017277297366403e+00 2.008710537099941185e+00 6.895204745568694893e-01
-1.236392899862937211e+00 1.989531873672177653e+00 7.143289664992953369e-01
-1.290258470577780203e+00 2.001663275199937697e+00 7.400293519904439510e-01
-1.328113359514190073e+00 1.998004432911218542e+00 7.661426546233230939e-01
-1.333361845829408532e+00 1.992120249944074661e+00 7.909717092628059110e-01
-1.425040602936394007e+00 1.990732512045650049e+00 8.181595068262718096e-01
-1.507842629586972905e+00 1.984779590712922648e+00 8.456900795663212511e-01
-1.548267209103440178e+00 1.958905263931997265e+00 8.720687015088425253e-01
-1.563846805031554377e+00 1.945197568205005556e+00 8.960582977336736255e-01
-1.650862545660556790e+00 1.942789079846321432e+00 9.226352871798030320e-01
-1.709040377051630921e+00 1.909108580839597558e+00 9.457255298826591217e-01
-1.795640593284906661e+00 1.917207015184106300e+00 9.674996212904334314e-01
-1.890548756027975008e+00 1.907015681581259114e+00 9.901559622008857531e-01
-1.921051351486598113e+00 1.879459619671293158e+00 1.014179371298502774e+00
-1.905247708251539995e+00 1.855927933422083953e+00 1.036004794983009125e+00
-1.964114366243665533e+00 1.845051215311404480e+00 1.057038784583334667e+00
-2.066323106133826748e+00 1.856282618950720220e+00 1.082120143996688766e+00
-2.114396140255333734e+00 1.823545567095238962e+00 1.105769974012342116e+00
-2.116767566672506540e+00 1.811031204156659635e+00 1.128495728247425056e+00
-2.133434096016737502e+00 1.782699495965475611e+00 1.152624245803037795e+00
-2.149381402833461685e+00 1.758680091047532423e+00 1.175387987778381493e+00
-2.182793211094042007e+00 1.735506013236939538e+00 1.198017864420110490e+00
-2.247209844154115288e+00 1.729111137565723766e+00 1.220361875297535592e+00
-2.337299074098944107e+00 1.708877920849394494e+00 1.244011141521668140e+00
-2.375736015370701892e+00 1.698934889740414400e+00 1.266848473334950320e+00
-2.401102866807886205e+00 1.661524874102211502e+00 1.290494491611077654e+00
-2.379901638878060943e+00 1.636455254703880424e+00 1.312865897411519489e+00
-2.358568469635870635e+00 1.593145466152791734e+00 1.333772561754038577e+00
-2.377775845731395332e+00 1.602395348039760137e+00 1.351339885764815119e+00
-2.417799408961428753e+00 1.586302488863993387e+00 1.370440972876763475e+00
-2.438711375475127063e+00 1.584920628208496884e+00 1.386826271295709345e+00
-2.441576748129590690e+00 1.562882590098064073e+00 1.403904965616903588e+00
-2.427790353867207429e+00 1.550174571418344804e+00 1.418112894208236385e+00
-2.404527027691377494e+00 1.516765409322921698e+00 1.434364657633230733e+00
-2.436962038875721603e+00 1.527251374408826745e+00 1.449964672767160456e+00
-2.476405695509943605e+00 1.515373752343482483e+00 1.464153731644583178e+00
-2.510062767522664107e+00 1.524537528295361488e+00 1.476288499290591361e+00
-2.513022951673998584e+00 1.523857705103577098e+00 1.488302844686256954e+00
-2.510221291573249580e+00 1.504870383762277442e+00 1.498858924545085403e+00
-2.537751350976937381e+00 1.517534735143174718e+00 1.506418437985011405e+00
-2.547866760823816357e+00 1.529702036237096996e+00 1.512360243003653348e+00
-2.583263571323733743e+00 1.568124799762939503e+00 1.518118177387218104e+00
-2.588869629842612596e+00 1.567342847627983149e+00 1.526607191528429164e+00
-2.543040095147557800e+00 1.570081651809861478e+00 1.531873052429780335e+00
-2.556171869507769756e+00 1.597064010137895895e+00 1.536587106363125788e+00
-2.585146983682125033e+00 1.619145411566834003e+00 1.544492882786953736e+00
-2.582355275171161590e+00 1.620419014649080891e+00 1.549800045867473219e+00
-2.570046779995033948e+00 1.626997783956937615e+00 1.553620861107896989e+00
-2.584891172301793993e+00 1.678532915509686640e+00 1.555176653807080145e+00
-2.594203059858925187e+00 1.727257025037060467e+00 1.554788684085566919e+00
-2.607729551106035881e+00 1.770971510331659449e+00 1.551510575478528775e+00
-2.605493797590988869e+00 1.795542400199472866e+00 1.546391772012702726e+00
-2.623731126552717008e+00 1.864188949735605449e+00 1.543020709901126608e+00
-2.659955168275208504e+00 1.896107047296887727e+00 1.542608255901040337e+00
-2.683282290639952272e+00 1.942026997999275473e+00 1.545330350118831797e+00
-2.693046935473331072e+00 1.963768760329277496e+00 1.548226746758791128e+00
-2.736163963561445200e+00 2.007614572111398488e+00 1.551781196127062445e+00
-2.774672232433200492e+00 2.058563938014153827e+00 1.552687945477375431e+00
-2.813970258602418895e+00 2.103012543441013626e+00 1.556109672438454661e+00
-2.830320455124021972e+00 2.134481338419570662e+00 1.558689732230110092e+00
-2.850621453447366171e+00 2.172594119683219027e+00 1.562423930517556014e+00
-2.897280871314103834e+00 2.201880106556098227e+00 1.565964661729632557e+00
-2.927842754895850774e+00 2.281650597360160848e+00 1.567648012150882897e+00
-2.909880754627792943e+00 2.297477647275686152e+00 1.565838185319310405e+00
-2.895631291939061214e+00 2.341805384318516037e+00 1.561744795713032152e+00
-2.923889039421323943e+00 2.370292781824554940e+00 1.558619476552539851e+00
-2.930945386103081418e+00 2.405964904927873071e+00 1.555034850391692647e+00
-2.924349401964902118e+00 2.435339797139746576e+00 1.549340629491831267e+00
-2.938864476487629496e+00 2.492252938257046857e+00 1.544557173684893758e+00
-2.949349899521302110e+00 2.531246899726829813e+00 1.542002837664948611e+00
-2.978605947835097911e+00 2.569500594202791088e+00 1.542188786578904791e+00
-2.966368543440075722e+00 2.593614861799906635e+00 1.541264503733718039e+00
-3.000220619148886048e+00 2.609622848010433316e+00 1.541417548790082526e+00
-3.066724487544848721e+00 2.664506793288129227e+00 1.540118831393642918e+00
-3.077143631848630712e+00 2.684255971688540576e+00 1.539232217778429668e+00
-3.088611006585239238e+00 2.719791235438257182e+00 1.538132456343168641e+00
-3.116037541285406220e+00 2.749372649675373204e+00 1.538449021472402700e+00
-3.119324097167998744e+00 2.766921947371599799e+00 1.536697662706817402e+00
-3.161863097570603465e+00 2.785020018601817249e+00 1.536634481424981047e+00
-3.173694938159633328e+00 2.821061374579313608e+00 1.536807018065158514e+00
-3.154252323143235337e+00 2.842370260967773898e+00 1.535297112183539259e+00
-3.151294129295755031e+00 2.872457735380471888e+00 1.533753176869692370e+00
-3.115426419743760889e+00 2.897986251750673592e+00 1.531359122324759792e+00
-3.077526203057406651e+00 2.920971527341994278e+00 1.531468831318884005e+00
-3.042467042157416035e+00 2.907202091832965962e+00 1.530988775899656318e+00
-3.019599921137784193e+00 2.941239634760660415e+00 1.528077112765232615e+00
-3.043899838119164869e+00 2.973142189263758617e+00 1.527669979120843680e+00
-3.054314225353756740e+00 2.966423034888594934e+00 1.528337263656755152e+00
-3.025926345189692057e+00 2.968314597271931365e+00 1.526480646904171179e+00
-3.020875042628903273e+00 2.989597835561434991e+00 1.524922912893723392e+00
-3.010310424987640676e+00 2.997200012530409907e+00 1.523839848058645252e+00
-2.972259685450584055e+00 3.024432947323298926e+00 1.521402586561670711e+00
-2.968322879119425384e+00 3.036352904253856622e+00 1.519859453415326023e+00
-2.999507996202529281e+00 3.058110249713648532e+00 1.519327437910022560e+00
-3.002014568888049961e+00 3.062614786222283669e+00 1.518505652049811694e+00
-3.034219816503186173e+00 3.106936928752233484e+00 1.516737286846821631e+00
-3.055487969382001623e+00 3.139925577687912472e+00 1.516972659423635683e+00
-3.083027973942990663e+00 3.169644178122320355e+00 1.516214747636562610e+00
-3.108019119340991843e+00 3.211889916198843675e+00 1.517449838514732585e+00
-3.105191839025815081e+00 3.233470043692898255e+00 1.516419972919478276e+00
-3.138250850284551863e+00 3.298162765861690549e+00 1.517441730467011141e+00
-3.106947505769204199e+00 3.310435798251587958e+00 1.517627399194658722e+00
-3.056288505920369492e+00 3.353031160903049646e+00 1.516594598566257890e+00
-3.055460574906854632e+00 3.401985243798802294e+00 1.517394751476994763e+00
-3.057027991366690678e+00 3.447425976300100725e+00 1.517960981925647213e+00
-3.026502595582135857e+00 3.509090069025967207e+00 1.515871961956162473e+00
-3.013748905234639341e+00 3.570188005171054613e+00 1.515217393814872526e+00
-2.999598942056926898e+00 3.626599230587681966e+00 1.514276255411137084e+00
-3.006033243225059604e+00 3.685265042711344030e+00 1.512506616830942008e+00
-3.031174846234895970e+00 3.729946590636569859e+00 1.513110844468170235e+00
-3.001794523928718927e+00 3.776418798482493067e+00 1.513373139132798917e+00
-2.964288726176030231e+00 3.821625497088663614e+00 1.514033978659617086e+00
-2.955945278282833488e+00 3.860050512420560409e+00 1.513516381821232493e+00
-2.943763590656979456e+00 3.918470019735477372e+00 1.513076289814903719e+00
-2.971871116833026960e+00 3.944709595605024433e+00 1.512373603974107139e+00
-2.957976382782383507e+00 3.976918845148945003e+00 1.508013421414592825e+00
-2.924413892909673240e+00 3.982285509991094763e+00 1.508644748487048437e+00
-2.893449953673456587e+00 4.010928860760675008e+00 1.506259746346237716e+00
-2.904996677152208662e+00 4.027288340528992094e+00 1.506267485014057161e+00
-2.929706657858582197e+00 4.052207581733270558e+00 1.506529091589977609e+00
-2.918751260769128386e+00 4.042118409322140948e+00 1.507215055013367611e+00
-2.913247588667127186e+00 4.047271508626378633e+00 1.508252537474739086e+00
-2.905910873466477806e+00 4.037598098710573069e+00 1.508414206011509995e+00
-2.903404728821552094e+00 4.048944913661804534e+00 1.507268792328956497e+00
-2.916690703390617756e+00 4.050996236888288138e+00 1.507533757679956121e+00
-2.935029003969600758e+00 4.064402031295433204e+00 1.508798053928447125e+00
-2.931179901935285770e+00 4.061882130917831013e+00 1.508354617695874644e+00
-2.923372496703954049e+00 4.075026984967794697e+00 1.508456112692936779e+00
-2.958188771284520069e+00 4.099354947034655083e+00 1.508178010479997111e+00
-2.964868530389942247e+00 4.117978823799189669e+00 1.507770249103261406e+00
-2.973384742556401061e+00 4.161844586657241329e+00 1.507131193568115535e+00
-2.966372749133709963e+00 4.173491222296895842e+00 1.507825769135598071e+00
-2.949525056189214567e+00 4.227627266579672138e+00 1.506795852131427749e+00
-2.982051129384697852e+00 4.242757851434544314e+00 1.510144386110080506e+00
-2.988129902971281560e+00 4.255341114922247314e+00 1.511494420571824593e+00
-2.988371341775298617e+00 4.275888502674891178e+00 1.511950513794201312e+00
-2.970167792466649193e+00 4.288686600881654876e+00 1.511462212654904880e+00
-2.980613029913118606e+00 4.337850899759254197e+00 1.509102449881913888e+00
-3.036111551757107119e+00 4.366884569883315415e+00 1.510983687602607928e+00
-3.031661189031325865e+00 4.373532591469800224e+00 1.512667819317915496e+00
-2.999842076264443325e+00 4.399847216525285987e+00 1.513182035650317614e+00
-3.014264514827798003e+00 4.449722610138456602e+00 1.512129307880742068e+00
-3.032775203588314206e+00 4.459522718166803124e+00 1.512155007394369477e+00
-3.064296563786844452e+00 4.521214296487439555e+00 1.513834529339831647e+00
-3.051084030847122985e+00 4.541751912468290797e+00 1.513513863860052266e+00
-3.040787566034201639e+00 4.596160092451396117e+00 1.513766402847701587e+00
-3.049610769934970378e+00 4.633839194883689672e+00 1.514346102553618234e+00
-3.059403217211517756e+00 4.674614298022413017e+00 1.514468300589991490e+00
-3.073646543050320812e+00 4.704905144817925766e+00 1.515636899867397247e+00
-3.056248150896709870e+00 4.758635926832154084e+00 1.515134266151988207e+00
-3.040527040444251483e+00 4.800203367477411831e+00 1.514602880635905535e+00
-3.029327443817988463e+00 4.831258382310757327e+00 1.514543440367937643e+00
-3.026076380452844994e+00 4.860301511086971615e+00 1.508601174879116158e+00
-3.026272456424782042e+00 4.891127491455243614e+00 1.508255597535835602e+00
-3.019187702992211619e+00 4.891451959559423912e+00 1.508221155691274129e+00
-3.003383451817675631e+00 4.910393282552940164e+00 1.508212870658695026e+00
-3.010372919531490332e+00 4.934574586763283754e+00 1.509218332840674304e+00
-3.000820775436256582e+00 4.925645332678010746e+00 1.506914896164988971e+00
-3.043058913680649180e+00 4.935656980648042591e+00 1.506524750262140389e+00
-3.072855136645038510e+00 4.946976833075984459e+00 1.504835342671905885e+00
-3.116037526242695144e+00 4.950758873650327629e+00 1.508044161337580125e+00
-3.154936967135186343e+00 4.941170480457093284e+00 1.510163939950026846e+00
-3.200295626650175862e+00 4.919254320700902738e+00 1.518649197603413326e+00
-3.250035877202851253e+00 4.923951719268717220e+00 1.528412612900129197e+00
-3.308269911487762727e+00 4.917058015879611332e+00 1.544706819180929447e+00
-3.379036529866858096e+00 4.883388255304268455e+00 1.561020358008303743e+00
-3.425344213313592956e+00 4.826399591326285154e+00 1.575228791541017692e+00
-3.517617988203725510e+00 4.808010788938654301e+00 1.591230759661982574e+00
-3.595147941294144278e+00 4.761582023078432258e+00 1.607595202957152525e+00
-3.659258896781881987e+00 4.737713564156392110e+00 1.623451563889479310e+00
-3.756093731017661419e+00 4.707024469824090396e+00 1.640344660140248045e+00
-3.829447191931012462e+00 4.661195491080119879e+00 1.658541704899796576e+00
-3.868873199128931351e+00 4.645698250026340403e+00 1.671186698214114807e+00
-3.938668957774529300e+00 4.585036520160764795e+00 1.687582001261636044e+00
-4.027464394887241284e+00 4.570469683053755006e+00 1.702987980088991105e+00
-4.107982133592104290e+00 4.480168804661335713e+00 1.719249133801869611e+00
-4.154932554254950006e+00 4.466592318982155696e+00 1.733710712582145819e+00
-4.261126366024971190e+00 4.393399437267530239e+00 1.750974840339832639e+00
-4.361772591139141397e+00 4.359640605227316890e+00 1.769762664375172934e+00
-4.436968912822205624e+00 4.287190102195047814e+00 1.787962752794729937e+00
-4.474950598931069834e+00 4.223014758991515905e+00 1.806244400642261549e+00
-4.519509360640888929e+00 4.193314805361449515e+00 1.826353640507701881e+00
-4.572146437253171491e+00 4.140287106979497977e+00 1.846862768904222518e+00
-4.657971980401113044e+00 4.085691053850659671e+00 1.867607053873999723e+00
-4.765294138652137690e+00 4.009963540514370983e+00 1.891120310604744725e+00
-4.806953003238892741e+00 3.928173027198123890e+00 1.913097667429964899e+00
-4.888740731692823083e+00 3.879587879569950992e+00 1.932287527162783292e+00
-5.041342982832551556e+00 3.803268314961999685e+00 1.952957891581988514e+00
-5.143764724401014732e+00 3.713074959200360681e+00 1.973493623340527137e+00
-5.189686615504481182e+00 3.645900019661933111e+00 1.992965543605546452e+00
-5.234635461487854968e+00 3.528223080596339489e+00 2.013748633552782330e+00
-5.338955993509806319e+00 3.465257722462147694e+00 2.036060774687666441e+00
-5.437685997408493677e+00 3.358577442436039284e+00 2.060775188083858289e+00
-5.539093739858049759e+00 3.232161899551256212e+00 2.087786483414273420e+00
-5.594913827297943065e+00 3.052669562698680839e+00 2.123043266020931519e+00
-5.668382204905791255e+00 2.925419723737808120e+00 2.152886934656083273e+00
-5.792425702331069459e+00 2.763838104850707023e+00 2.186396354323469460e+00
-5.898069173124114606e+00 2.598290803791801551e+00 2.221071113950084275e+00
-5.955028757045267795e+00 2.414834448448649695e+00 2.257170740441699408e+00
-5.955969772358523429e+00 2.253630100789639101e+00 2.292228260058106759e+00
-6.031153704734128596e+00 2.082992647495363947e+00 2.327378570399305513e+00
-6.111111773134108915e+00 1.921494247215900231e+00 2.360491038833292698e+00
-6.174724539158249925e+00 1.727570664894677810e+00 2.392416934480021684e+00
-6.261665992291352012e+00 1.557747448615508734e+00 2.424750454921150933e+00
-6.295846123803448435e+00 1.373361964477485486e+00 2.457646795748601676e+00
-6.299713323354201755e+00 1.209167271782135344e+00 2.488984195378527886e+00
-6.320931723738654640e+00 1.064603576281642594e+00 2.517197378699037813e+00
-6.333547645797433567e+00 9.200162201533910178e-01 2.542921083833735274e+00
-6.359356973427461313e+00 8.177261063274878783e-01 2.564068143446593950e+00
-6.370359650376420824e+00 6.627940427898031395e-01 2.586474657503829988e+00
-6.356887246323983831e+00 5.814373582428730147e-01 2.605221741107517364e+00
-6.360745792371115037e+00 5.028832760014565473e-01 2.620760398383718659e+00
-6.404216213552121673e+00 4.192034521645186529e-01 2.639420942612635379e+00
-6.392741477087943380e+00 2.779726934392763305e-01 2.660977622503102769e+00
-6.370047790470547255e+00 1.889657379851883701e-01 2.683564282634716136e+00
-6.400436169216883187e+00 4.077330530606139425e-02 2.709775567328984280e+00
-6.381306198095427540e+00 -1.429044796081334334e-01 2.742213522992037245e+00
-6.316502958774870002e+00 -2.781509477579962586e-01 2.769934715741201092e+00
-6.310607295864671507e+00 -4.158492908772114527e-01 2.797451022654531716e+00
-6.308622239485998762e+00 -5.679239071084828394e-01 2.825399591613120709e+00
-6.261458451109307433e+00 -6.756179429418363025e-01 2.848128489616675196e+00
-6.243086162758611835e+00 -7.769254820823162655e-01 2.866360793142590513e+00
-6.259167752690263598e+00 -8.641957557396247047e-01 2.885799596337143669e+00
-6.214933515641770434e+00 -9.654686727629754328e-01 2.902628477351775871e+00
-6.199121530554533521e+00 -1.046019961154076361e+00 2.917840804581118164e+00
-6.180191610280310499e+00 -1.116281073426350634e+00 2.933261700729626220e+00
-6.195419672892585439e+00 -1.177099496623730923e+00 2.948370401998972490e+00
-6.186253200323881707e+00 -1.232029400621524218e+00 2.961520239351812300e+00
-6.154024592254760506e+00 -1.306646073699245569e+00 2.977530247765399096e+00
-6.144958382147357234e+00 -1.363835619562463464e+00 2.991649861278329325e+00
-6.107016664715329668e+00 -1.438925796034747684e+00 3.006030332088590828e+00
-6.075716661471213698e+00 -1.501287216319463935e+00 3.018984022723868232e+00
-6.043695562281436118e+00 -1.539227258638745655e+00 3.031348863974395957e+00
-6.020800542497120489e+00 -1.570942908278338823e+00 3.041680692857342994e+00
-5.985510187556534412e+00 -1.588551131896878132e+00 3.048608058485109407e+00
-5.963745192649025917e+00 -1.588558030890814043e+00 3.055838029870150407e+00
-5.954166035972276561e+00 -1.602419666798711617e+00 3.058177151930058457e+00
-5.955572846260725584e+00 -1.585891854858102024e+00 3.062049322684614161e+00
-5.957639440896210559e+00 -1.559355088518732169e+00 3.062372359092328189e+00
-5.951922269182682967e+00 -1.533892072730317579e+00 3.064231550177300534e+00
-5.948020416631414342e+00 -1.520040754037195629e+00 3.065123183287702169e+00
-5.935553241355978393e+00 -1.487365983269488323e+00 3.065643140771915132e+00
-5.912927844092705776e+00 -1.456573890372525382e+00 3.066403051389642531e+00
-5.905114647987383947e+00 -1.442063070607201514e+00 3.067152860572514239e+00
-5.920692936280039120e+00 -1.393504082492244667e+00 3.065729744482860397e+00
-5.933297696795057696e+00 -1.376667333397683102e+00 3.066672223687144871e+00
-5.969334998249488322e+00 -1.342883109506731287e+00 3.065967382794268836e+00
-5.987050084570505248e+00 -1.317705272661434668e+00 3.065361338507810007e+00
-6.017309596698042995e+00 -1.276144181134372557e+00 3.063840883977187346e+00
-6.046470847539775484e+00 -1.276312422872507790e+00 3.067678553621228765e+00
-6.069765270804278856e+00 -1.221010372500923147e+00 3.066102530299156470e+00
-6.075776544959911263e+00 -1.170501308284044528e+00 3.063280261005521421e+00
-6.088304666997860437e+00 -1.133379787143270923e+00 3.062837506637220208e+00
-6.067789394320668883e+00 -1.116777881542227346e+00 3.062382073741917843e+00
-6.052455659315352676e+00 -1.064558129978018908e+00 3.059970068061171666e+00
-6.049663499055731641e+00 -1.021562701484860058e+00 3.058628123404194543e+00
-6.041792170766489001e+00 -9.628599057082418700e-01 3.056550932925726105e+00
-6.041359498433509501e+00 -9.006435270655996916e-01 3.055005971241675500e+00
-6.041242151573301911e+00 -8.640104087383928544e-01 3.054054762630527886e+00
-6.023926187118363806e+00 -8.077982259079601324e-01 3.050791648479201701e+00
-6.019890045812939405e+00 -7.231138064648958697e-01 3.042205366638544906e+00
-6.049280067091529212e+00 -6.392553780390279883e-01 3.037014338384258050e+00
-6.044473553945751476e+00 -5.515700404453365291e-01 3.029024966290954524e+00
-6.028676670328071197e+00 -4.642843317342176812e-01 3.019757599187409269e+00
-6.067704446456868794e+00 -3.800837178626860768e-01 3.014727147208161373e+00
-6.098260052402192599e+00 -3.638019759841487621e-01 3.013816431403794738e+00
-6.097783852275853178e+00 -3.464771840340174491e-01 3.015710269546748812e+00
-6.114177613517565391e+00 -3.253301903467621381e-01 3.019458471351280426e+00
-6.151639825836797471e+00 -3.229567559245591357e-01 3.021844391769094251e+00
-6.148691914269013736e+00 -3.101275951729911551e-01 3.026068633878167713e+00
-6.136776354230452313e+00 -3.116988939952057835e-01 3.029931738622197557e+00
-6.144893410194720573e+00 -3.004140031449507586e-01 3.034484731682915104e+00
-6.134964455903180180e+00 -2.782202960371988887e-01 3.037755884489409919e+00
-6.122621107308459543e+00 -2.527197510741240327e-01 3.039732550551817347e+00
-6.110741991428000119e+00 -1.863165417722246475e-01 3.037596702145428651e+00
-6.130627240142739076e+00 -1.302399839417177629e-01 3.034431045267208749e+00
-6.138772967534330327e+00 -7.190644699801609918e-02 3.031627809496032278e+00
-6.140182627595695664e+00 1.392617705264673905e-02 3.027452624979626084e+00
-6.160393374128965149e+00 9.202655549399330059e-02 3.023616773709047578e+00
-6.146538123783509278e+00 1.490668188860770904e-01 3.020829699699614235e+00
-6.138820876620283862e+00 2.320661600974693595e-01 3.017923075881004280e+00
-6.160677361525059403e+00 2.834638874068207137e-01 3.016009528085727087e+00
-6.201438016093143268e+00 3.348179282344846408e-01 3.014238760986125421e+00
-6.207578724919446955e+00 3.756650895644300658e-01 3.013084948381472117e+00
-6.220311249147477461e+00 4.259728006619780682e-01 3.010742629359324685e+00
-6.266972281831812097e+00 4.459970583902881924e-01 3.012842183288964026e+00
-6.285042757891229570e+00 4.405214130983829968e-01 3.015065560896556196e+00
-6.282905826343623268e+00 4.811229502207527431e-01 3.014654843165934128e+00
-6.324484300216129284e+00 4.743315060239365888e-01 3.018059965842680548e+00
-6.338957441334581944e+00 4.865374799847155263e-01 3.019707250004191490e+00
-6.330543817934959350e+00 5.162754038978296656e-01 3.019590165025190842e+00
-6.341579231795120286e+00 5.479979832813212104e-01 3.017771634772353995e+00
-6.340709350532110378e+00 5.872685080295252380e-01 3.016648243218876146e+00
-6.323061691122799921e+00 6.308266614804185490e-01 3.013322787057150620e+00
-6.303784461525728133e+00 6.851270871576148336e-01 3.009469065790558506e+00
-6.299287919307888117e+00 7.411372186675687646e-01 3.005444932607157948e+00
-6.324973878185469189e+00 7.976390411339978614e-01 3.001911406076049005e+00
-6.313218872546586979e+00 8.339202606167961385e-01 3.000976194602432034e+00
-6.274083396758259212e+00 8.623924731737242499e-01 3.000566280558434329e+00
-6.248103872323551577e+00 9.020211834959004360e-01 2.999733532800122671e+00
-6.252002807853936694e+00 9.293346926416763409e-01 2.999616107957780109e+00
-6.235735097076647193e+00 9.743001296849749249e-01 2.998679267427077910e+00
-6.243030335313716428e+00 1.013691768405021065e+00 2.997696277273976584e+00
-6.241856886813400784e+00 1.045972994531569888e+00 2.998880769861474782e+00
-6.223050213636982519e+00 1.069361577956769782e+00 2.999290434579659159e+00
-6.209033323723113007e+00 1.125892152471476226e+00 2.998758755049884428e+00
-6.248569420357887871e+00 1.138189878226819385e+00 3.000862281607113324e+00
-6.264653464569557961e+00 1.162043577572247743e+00 3.001602815276648073e+00
-6.252430725228258268e+00 1.173896557192584789e+00 3.002400123797034137e+00
-6.238726120457102731e+00 1.194792040714558690e+00 3.003413602633020929e+00
-6.231750102578414108e+00 1.229525210090294252e+00 3.003251754256803796e+00
-6.228564205029917034e+00 1.247152718177451547e+00 3.004113770330242961e+00
-6.219982943276260556e+00 1.294892978788134030e+00 3.002891525737485523e+00
-6.221069374530189933e+00 1.317962267403000043e+00 3.003047490865411895e+00
-6.201192931552689025e+00 1.350520821750644584e+00 3.003412768248769460e+00
-6.180273991165123881e+00 1.382502885375632484e+00 3.003252196915639161e+00
-6.170080052518574831e+00 1.407268194994757637e+00 3.003044176073632165e+00
-6.179600808883052743e+00 1.451010787043729877e+00 3.004394758113562602e+00
-6.173918296571170750e+00 1.493443755633513614e+00 3.003234727146002925e+00
-6.167058326107959232e+00 1.509340923277674440e+00 3.003917681278375884e+00
-6.144315115211552936e+00 1.529243241040248780e+00 3.005379178777001670e+00
-6.134804156679836140e+00 1.569502931722313033e+00 3.006592485967487516e+00
-6.174894863332394124e+00 1.556100844416701490e+00 3.009769296661009008e+00
-6.233087612760233931e+00 1.534135343367774240e+00 3.017865159134592634e+00
-6.239986459566935650e+00 1.503725587657301244e+00 3.025254292807626921e+00
-6.207196177597658959e+00 1.503450977272494660e+00 3.030281495926234303e+00
-6.212904325828231045e+00 1.484559370245027488e+00 3.040586912449410040e+00
-6.231721618618683678e+00 1.430558640790333902e+00 3.052471383898867963e+00
-6.254138841494572887e+00 1.388013634429237753e+00 3.063711637908005603e+00
-6.308170650914805222e+00 1.319591491181692389e+00 3.078653693832122951e+00
-6.305459483692808398e+00 1.244810376465919299e+00 3.093694840902493137e+00
-6.282511776482987642e+00 1.184679689956017690e+00 3.109173355965237917e+00
-6.278627578355372663e+00 1.090459470813939236e+00 3.128458246288841060e+00
-6.286037132513186521e+00 1.017915352595624823e+00 3.138456646538527739e+00
-6.300791782701979038e+00 9.518244997791218687e-01 3.121955749720247919e+00
-6.318674787443203655e+00 8.458954116796062461e-01 3.102484719606416697e+00
-6.315046644464716863e+00 7.720238941322714599e-01 3.083384430564079626e+00
-6.305887488444277267e+00 6.584455816555454533e-01 3.058886085666443932e+00
-6.315233219783595864e+00 5.378551909766627892e-01 3.035923748023193980e+00
-6.323965750244811446e+00 4.369391176558944379e-01 3.015255414059228478e+00
-6.357819746145736417e+00 3.144274684647760942e-01 2.994155734757915521e+00
-6.372471777717839458e+00 1.982462655914513094e-01 2.971164297892688211e+00
-6.371668465079002530e+00 8.081049921365919542e-02 2.949113716090806303e+00
-6.374779237107639496e+00 -2.501643158578311515e-02 2.927560972737955680e+00
-6.356441893626697315e+00 -1.647091371176372387e-01 2.901712855400533364e+00
-6.339475314925424598e+00 -2.866173135217146561e-01 2.879193095231240118e+00
-6.324454739479024923e+00 -4.207204952963324862e-01 2.855468861620506615e+00
-6.311461287996054992e+00 -5.462088179671217292e-01 2.832854593053298675e+00
-6.315752389760969976e+00 -6.605998421425242073e-01 2.814421163066226583e+00
-6.356254219407292183e+00 -8.036242888583350341e-01 2.788392963589969131e+00
-6.337908786243467318e+00 -9.496824488479977955e-01 2.767022776247320959e+00
-6.323013028850445139e+00 -1.060048014190479559e+00 2.744399959532538791e+00
-6.290998715753664428e+00 -1.206992629300328579e+00 2.720954581896860347e+00
-6.236683441607716816e+00 -1.330920239429819407e+00 2.698483530146519982e+00
-6.206613718028094695e+00 -1.465915020560044635e+00 2.671887432714959321e+00
-6.146554709145798157e+00 -1.664965716525630857e+00 2.641076363689622397e+00
-6.069253902418964230e+00 -1.777717994161186255e+00 2.616945744651427042e+00
-6.044114005494137132e+00 -1.913842203915509632e+00 2.592034611970549740e+00
-6.008838254833305470e+00 -2.048094619641397607e+00 2.564933249605570786e+00
-5.938879709974655974e+00 -2.141011504466577620e+00 2.544776133620140879e+00
-5.862623011636395987e+00 -2.225496645001903140e+00 2.524762383477238803e+00
-5.812100614874757376e+00 -2.327602440310919896e+00 2.503850596635988079e+00
-5.752504044993594690e+00 -2.407256511744423122e+00 2.485473684804492045e+00
-5.678829614814793203e+00 -2.477892272880813707e+00 2.466072507428682670e+00
-5.643917198697360860e+00 -2.558000566572418144e+00 2.447467727560212580e+00
-5.596421285680300173e+00 -2.639011770006132185e+00 2.427127953947232797e+00
-5.501139517931289191e+00 -2.728485492451256711e+00 2.405936454143741354e+00
-5.412291773880640200e+00 -2.815662371359803906e+00 2.384537199726708412e+00
-5.348693798161365365e+00 -2.924616312664472417e+00 2.359583719039555660e+00
-5.263169359681839410e+00 -3.018448387440785030e+00 2.335241876395131477e+00
-5.189249139829299473e+00 -3.152442403187162956e+00 2.305422051757979762e+00
-5.086952398438407741e+00 -3.286200557677403822e+00 2.276587328008147004e+00
-4.993270364314810195e+00 -3.413311049292988564e+00 2.245331161835556699e+00
-4.903245399890767686e+00 -3.521110681355109406e+00 2.214220200741171318e+00
-4.791414225858031450e+00 -3.645085521485403657e+00 2.186532413059442348e+00
-4.712299989194520755e+00 -3.713150040990912171e+00 2.164967842200102410e+00
-4.667838122596119632e+00 -3.795388064503174341e+00 2.141803549923606997e+00
-4.609175680071617265e+00 -3.865132965417132027e+00 2.123075848420429956e+00
-4.529367134752877888e+00 -3.928223096580951257e+00 2.103663095336953504e+00
-4.448877252843102426e+00 -4.001184667196493017e+00 2.084192703624966114e+00
-4.376555298832435881e+00 -4.060749480500131625e+00 2.064975252072283496e+00
-4.303045897120808760e+00 -4.122447671525179658e+00 2.044032266368109862e+00
-4.221553453402215439e+00 -4.203094101242032643e+00 2.016069522280320214e+00
-4.080521369189446190e+00 -4.291188128126448120e+00 1.986570802542477310e+00
-3.915984433715236523e+00 -4.371808938991662785e+00 1.957480219446468883e+00
-3.759231578610579660e+00 -4.465415836925457072e+00 1.925176123228486080e+00
-3.603998038662066250e+00 -4.543600274450619203e+00 1.896415917686608665e+00
-3.467568248771803585e+00 -4.582871466485364920e+00 1.872697989634514393e+00
-3.374824022197490780e+00 -4.630592590761777316e+00 1.849916189305919501e+00
-3.305660051542305133e+00 -4.634713710817539578e+00 1.836202399026489296e+00
-3.229406505654524917e+00 -4.647035258131129609e+00 1.819753699611816655e+00
-3.124378760340190464e+00 -4.675862512536234306e+00 1.805696697827313901e+00
-3.044317166219729920e+00 -4.663372591908670373e+00 1.794967266817095064e+00
-3.006130818769743751e+00 -4.636917656483275252e+00 1.783677479621686324e+00
-2.935312762728929048e+00 -4.635624557303662741e+00 1.771924064298182167e+00
-2.879493712822835505e+00 -4.626786149005811311e+00 1.761980586130847959e+00
-2.828275313083817188e+00 -4.605370722526792804e+00 1.750406871894942817e+00
-2.747203636587369324e+00 -4.615224745233257764e+00 1.741060194606043776e+00
-2.699129004117803099e+00 -4.614202386542894274e+00 1.735322971760060673e+00
-2.699822970785088927e+00 -4.599174285417452879e+00 1.732592689864946189e+00
-2.691521292979948576e+00 -4.594967769862579487e+00 1.731448368016536454e+00
-2.677650239895514428e+00 -4.569048651673598194e+00 1.729572554592091693e+00
-2.636495729539729105e+00 -4.565439695069437143e+00 1.729566121885400598e+00
-2.645874876423618627e+00 -4.546236818047379558e+00 1.734840917738404320e+00
-2.682982522692278771e+00 -4.507424788624952328e+00 1.734503691640837397e+00
-2.698346220579656674e+00 -4.501203039848622467e+00 1.741569649869797898e+00
-2.705592425526729627e+00 -4.477060938389431755e+00 1.744867294670186419e+00
-2.729552621737250551e+00 -4.436403466448290089e+00 1.749861181192190251e+00
-2.767541188527835150e+00 -4.412706507084107166e+00 1.753615554230294471e+00
-2.832104288605044040e+00 -4.354620896818374831e+00 1.759567058006461515e+00
-2.854863611840215309e+00 -4.360604457194260597e+00 1.759422256058798428e+00
-2.860487848910604924e+00 -4.341499338963050292e+00 1.761618461052144813e+00
-2.864717154951420763e+00 -4.346070956657118955e+00 1.758649807692279410e+00
-2.896527526007890874e+00 -4.334379126498388857e+00 1.755098649450663739e+00
-2.909493770701041093e+00 -4.327547871007645597e+00 1.752379149551569482e+00
-2.889919147722682879e+00 -4.313717807856483510e+00 1.750965208786672278e+00
-2.899903014392963385e+00 -4.305274691776281415e+00 1.749681388117984016e+00
-2.900479704403737813e+00 -4.273641443991676780e+00 1.746765348741200263e+00
-2.905095163650631918e+00 -4.231900383455364789e+00 1.744672892490592542e+00
-2.898521395582168481e+00 -4.194238931309604013e+00 1.744913218099602092e+00
-2.909088194275171624e+00 -4.137993481417849395e+00 1.746443538006007934e+00
-2.937851484845292127e+00 -4.080099388995402698e+00 1.749623893860980939e+00
-2.968301014727658949e+00 -3.998816236902084320e+00 1.753273396725482769e+00
-2.973643879059022055e+00 -3.945851492932280102e+00 1.757800712145908717e+00
-2.975487811020900875e+00 -3.872498398077852677e+00 1.763830221989623359e+00
-2.990956397621511442e+00 -3.824688687445748858e+00 1.767285605233094303e+00
-2.985795906001668332e+00 -3.765801731591668755e+00 1.766505535043892516e+00
-2.950903416821286651e+00 -3.724910861357654035e+00 1.766409211335821183e+00
-2.926039417730902592e+00 -3.663682053058774812e+00 1.767624585550024108e+00
-2.935267528710112206e+00 -3.615980341169877654e+00 1.770028915448379259e+00
-2.936888999010887957e+00 -3.588459715633415037e+00 1.768432331207628438e+00
-2.922584281568871845e+00 -3.527399323320461466e+00 1.771110950025401420e+00
-2.919925274969818130e+00 -3.506625986946200424e+00 1.770728672144595839e+00
-2.932816183602451332e+00 -3.465335134486521085e+00 1.770194620337933955e+00
-2.922355041569812961e+00 -3.474070479372934894e+00 1.769736106143465548e+00
-2.952412318181393935e+00 -3.452745803658690882e+00 1.771118352746815061e+00
-2.963158260474131112e+00 -3.462018699475344796e+00 1.771909878146247674e+00
-2.976867168165834965e+00 -3.427511264221358989e+00 1.772713725054769984e+00
-2.998215470979968877e+00 -3.419025533962545715e+00 1.774803394344602436e+00
-3.044756272774967520e+00 -3.400363232194172802e+00 1.777659825809239091e+00
-3.069151889550706613e+00 -3.382445661076284971e+00 1.782118701485599033e+00
-3.097714727990940276e+00 -3.340541803315803193e+00 1.784465270402124215e+00
-3.118861513575018396e+00 -3.317828139377246632e+00 1.787400573632641265e+00
-3.121380464179366321e+00 -3.269571077789949154e+00 1.789496379970294981e+00
-3.110880929090032332e+00 -3.240219944619441961e+00 1.791422518889499216e+00
-3.126632696644420228e+00 -3.184673874978819264e+00 1.792541336856195322e+00
-3.138710597606281905e+00 -3.151709114453868921e+00 1.791661098018034526e+00
-3.156822252597767609e+00 -3.082688307406797890e+00 1.790074585111030459e+00
-3.110206465608540416e+00 -3.072918957502948079e+00 1.788831864733392507e+00
-3.104479941221364392e+00 -3.019818517112924816e+00 1.789261104322955820e+00
-3.133163802774821427e+00 -2.986354544477416439e+00 1.789150430130469482e+00
-3.146492594349644456e+00 -2.946906167755735773e+00 1.789728560416819381e+00
-3.134698577975586709e+00 -2.925110255935745585e+00 1.789541924534536532e+00
-3.135541245946622091e+00 -2.892848765108900544e+00 1.788939767218887589e+00
-3.135622798186080029e+00 -2.876839275454689648e+00 1.789210060827772342e+00
-3.128153984668378573e+00 -2.864059996132220842e+00 1.790699578687639404e+00
-3.151471017713282752e+00 -2.837752729760691928e+00 1.793083148578330510e+00
-3.177543087159918400e+00 -2.817565485951874837e+00 1.794297991347387100e+00
-3.181059912198392681e+00 -2.784077485429630627e+00 1.797820028247537394e+00
-3.193170813574895295e+00 -2.753582524786868824e+00 1.800691484861360880e+00
-3.186583947151584884e+00 -2.726465859518210078e+00 1.804341621194150536e+00
-3.179630126683859359e+00 -2.686932524202602757e+00 1.806352891720307996e+00
-3.146008157353426427e+00 -2.659659790684721692e+00 1.808420047335677738e+00
-3.132127435958614647e+00 -2.608842073552883889e+00 1.812263846338822981e+00
-3.152500355801090226e+00 -2.565289756961528944e+00 1.814583051388542145e+00
-3.176549158283501040e+00 -2.528082913252356789e+00 1.814463252300176910e+00
-3.171457422479712296e+00 -2.501879427258508315e+00 1.815027610377914602e+00
-3.138758991716603219e+00 -2.475971795710711909e+00 1.814615396684615911e+00
-3.111715220835046480e+00 -2.446195819115795089e+00 1.814766387277548798e+00
-3.116798312548024974e+00 -2.406565612505400686e+00 1.815582638454034115e+00
-3.157446382760493719e+00 -2.381649756225621140e+00 1.814989676135098984e+00
-3.159198868039602814e+00 -2.367410591379011997e+00 1.815380210465097566e+00
-3.161380907756921044e+00 -2.330963279870689409e+00 1.815967397932868765e+00
-3.158154725631146409e+00 -2.324869742046034915e+00 1.815394325844843282e+00
-3.156827655928519327e+00 -2.291576102244832214e+00 1.815208691458300772e+00
-3.170781233293299195e+00 -2.271922581264206098e+00 1.814309348194581339e+00
-3.171854589208004338e+00 -2.224222106711321256e+00 1.814684331211127377e+00
-3.175346973875745160e+00 -2.194490303028811873e+00 1.813697927435476975e+00
-3.160125660759892874e+00 -2.168600461873574137e+00 1.814154883775789706e+00
-3.161474369189675837e+00 -2.127389350891752962e+00 1.813295143986658919e+00
-3.140355726791431490e+00 -2.104222365842984832e+00 1.812741658292416069e+00
-3.124907655303335918e+00 -2.077536910288491079e+00 1.812971535419955149e+00
-3.130347312883122068e+00 -2.045390373816806218e+00 1.813825345552455559e+00
-3.126275480853793365e+00 -2.020098059517447364e+00 1.812347546921412533e+00
-3.113787915606059720e+00 -2.010061001731910935e+00 1.811269266202732320e+00
-3.120572056540490191e+00 -1.968970288773755239e+00 1.811328689595057995e+00
-3.105326358629973971e+00 -1.945686776873829071e+00 1.811467450546710989e+00
-3.097946200761159119e+00 -1.913387921607182740e+00 1.811836121568143554e+00
-3.113817215949084449e+00 -1.871475408489837733e+00 1.812072503340778074e+00
-3.130539493870935885e+00 -1.853169828491076920e+00 1.813235066145624019e+00
-3.125145240730968332e+00 -1.804446133210050096e+00 1.814629502295199703e+00
-3.107556405393362198e+00 -1.777393105557214970e+00 1.813035245343536106e+00
-3.115293949951617680e+00 -1.757102635141783775e+00 1.813621112592972873e+00
-3.138510298065900539e+00 -1.728531731231264246e+00 1.812653130188701889e+00
-3.162828895946492747e+00 -1.701821585191840569e+00 1.815332086349620955e+00
-3.159916363697329977e+00 -1.656896836227339742e+00 1.814603878899382350e+00
-3.136753817580476333e+00 -1.614794146760947235e+00 1.814252354825572233e+00
-3.133953307771946140e+00 -1.578152328482214539e+00 1.813812539129072476e+00
-3.155454559871251341e+00 -1.552514828959028037e+00 1.815633650915525532e+00
-3.167635705595582607e+00 -1.511697836596419542e+00 1.813422612769734599e+00
-3.155184591342317990e+00 -1.470652157013611294e+00 1.816364418331005925e+00
-3.143083658653712309e+00 -1.419157689378731879e+00 1.816417187855432047e+00
-3.125676517395715504e+00 -1.376402039537025779e+00 1.814999186728050606e+00
-3.106526643009846378e+00 -1.328473870600195506e+00 1.816285919588928710e+00
-3.115921309147370533e+00 -1.289770170755707657e+00 1.818272019654753269e+00
-3.114679349494324789e+00 -1.246040472848845226e+00 1.818994719629721812e+00
-3.124748419237480146e+00 -1.216013419710223697e+00 1.825160713946524238e+00
-3.130717828878522901e+00 -1.176708218149000729e+00 1.827392277843355561e+00
-3.136522357140472561e+00 -1.138320257253506496e+00 1.827622793800280920e+00
-3.147029674739508565e+00 -1.100367406629440437e+00 1.828305217325388421e+00
-3.110454630807923060e+00 -1.065671779297896915e+00 1.831339581488570456e+00
-3.103432553238492098e+00 -1.033470384057180613e+00 1.832038079590871060e+00
-3.128547790741715851e+00 -1.028262788688071305e+00 1.834374172693866933e+00
-3.142328959771615082e+00 -1.017799620805077909e+00 1.835571220196436037e+00
-3.142030123132931951e+00 -9.988574290073729545e-01 1.832997971601296516e+00
-3.148461764906233196e+00 -9.861011404120113566e-01 1.830775629083440048e+00
-3.160912960760068113e+00 -9.810709009167526418e-01 1.822832855373279104e+00
-3.144191342989199001e+00 -9.739891329033609768e-01 1.810802986914978874e+00
-3.104354776341797351e+00 -9.947139800460407244e-01 1.798536387558089977e+00
-3.100817657008381634e+00 -1.005423894507527560e+00 1.783517597752985129e+00
-3.087189277860062475e+00 -1.048279579863859556e+00 1.766255502767917429e+00
-3.055477603032643152e+00 -1.069739830429123240e+00 1.750034796185429453e+00
-3.019201277201275957e+00 -1.101561429909530210e+00 1.731199626270917502e+00
-2.985619811308104943e+00 -1.122595901413285580e+00 1.713626838843905542e+00
-2.978002433787322101e+00 -1.141093867317588995e+00 1.695495480489155771e+00
-2.951695099024274960e+00 -1.174418936014146819e+00 1.676108611859764119e+00
-2.906764457866934048e+00 -1.200634742876715011e+00 1.655395416725176760e+00
-2.876147791828485900e+00 -1.242869354821042549e+00 1.633965445325143540e+00
-2.863453220592162562e+00 -1.260090368501821656e+00 1.615467003130963919e+00
-2.879815404758607311e+00 -1.311106818237903093e+00 1.592725237404500449e+00
-2.866375415217850886e+00 -1.353378932118396660e+00 1.568492968436077106e+00
-2.799462301826542987e+00 -1.387042828173129738e+00 1.545160915490950693e+00
-2.764597489112249562e+00 -1.407716135068826757e+00 1.525118425016443346e+00
-2.738675925562456204e+00 -1.443254384695643378e+00 1.505185181606885303e+00
-2.716540673940400996e+00 -1.460717206876720020e+00 1.486462825955432221e+00
-2.688092161927595036e+00 -1.507313206005346684e+00 1.465369318681091659e+00
-2.669279138410028285e+00 -1.548884415345873844e+00 1.443804946902051078e+00
-2.641585280487395160e+00 -1.598151771656938003e+00 1.419310446231836886e+00
-2.590516374585889903e+00 -1.643565115703252255e+00 1.398839596392103868e+00
-2.590513083676302841e+00 -1.680627471108722126e+00 1.375072509780276508e+00
-2.583848041607664570e+00 -1.744500038650615092e+00 1.355339607403689639e+00
-2.540179872728103749e+00 -1.784655946307481589e+00 1.331289854660140382e+00
-2.484140469419263031e+00 -1.854305035732557672e+00 1.305565854486718802e+00
-2.448029524892989084e+00 -1.886159599546014309e+00 1.288707253986199008e+00
-2.433477123086706051e+00 -1.945747360024745909e+00 1.265318872856102672e+00
-2.418665856097696576e+00 -1.980153449504351570e+00 1.241590509402050069e+00
-2.361592326915349815e+00 -2.036610264347385790e+00 1.216377376743322358e+00
-2.300332626536236269e+00 -2.054197363053352987e+00 1.194289555630109634e+00
-2.249835910220892021e+00 -2.106892918024707129e+00 1.170098425300131417e+00
-2.184422670169972491e+00 -2.126102776812811790e+00 1.147509200926228878e+00
-2.127717906350799382e+00 -2.152734297473577918e+00 1.124458854998204638e+00
-2.068133756954669167e+00 -2.184679578329874694e+00 1.100825903811336604e+00
-1.976661403788956051e+00 -2.230219489419418721e+00 1.075094604665998821e+00
-1.918240972442929460e+00 -2.239659683868856277e+00 1.049090604583578612e+00
-1.859994221769384559e+00 -2.271595634967165989e+00 1.022166672218815853e+00
-1.785503630615574489e+00 -2.285141603480784767e+00 9.956314968339105009e-01
-1.688388442438007786e+00 -2.328632301648237313e+00 9.684624150367570072e-01
-1.593763265871725787e+00 -2.342845940164404617e+00 9.419248186718021110e-01
-1.529190896713565007e+00 -2.365871978211051108e+00 9.145343073711504900e-01
-1.438242035851252432e+00 -2.390004821414641434e+00 8.879339993945035703e-01
-1.378395487832052124e+00 -2.394769320628821863e+00 8.607453836992782215e-01
-1.290622036613019219e+00 -2.425699783507040408e+00 8.330262063867572842e-01
-1.218489371263556720e+00 -2.415794126498890027e+00 8.068613465066042378e-01
-1.124509302667770827e+00 -2.417414273601203423e+00 7.797321646196694322e-01
-1.036114419136094922e+00 -2.436153501034367785e+00 7.556079305792408052e-01
-1.010366681169192926e+00 -2.385670194647921516e+00 7.308044572263040495e-01
-9.449425749136936004e-01 -2.403132420915396583e+00 7.027042108684009580e-01
-8.413050006854634333e-01 -2.402173108527891898e+00 6.787482085091524064e-01
-7.653679008607919831e-01 -2.393354847831523635e+00 6.516080095269525252e-01
-7.119188460695932141e-01 -2.354112754174390698e+00 6.255456863353079378e-01
-6.614030427143109403e-01 -2.337983769281912316e+00 5.993658342563394914e-01
-5.715678893768815216e-01 -2.318167682304552724e+00 5.678831868536757810e-01
-4.337662780115011385e-01 -2.333998028770306377e+00 5.392848820598432624e-01
-3.180068686803024791e-01 -2.325910901353112514e+00 5.116300703855594101e-01
-2.484237715235393384e-01 -2.300054075511317908e+00 4.833343700850638025e-01
-1.681248477213680981e-01 -2.281847773863988849e+00 4.551331703905897585e-01
-8.268302890084062995e-02 -2.251203854443082797e+00 4.307743449745000119e-01
-4.749694166578535132e-02 -2.204955784423638931e+00 4.085739844969761281e-01
-4.987497799883903321e-02 -2.162656411370061260e+00 3.876168357161434708e-01
6.799224294230407813e-03 -2.145182200188927801e+00 3.666236534209888487e-01
8.024495967909409111e-02 -2.139161179810698421e+00 3.512364830131625704e-01
1.018889350470929128e-01 -2.138465156032970160e+00 3.366531948167838517e-01
8.845975117670096255e-02 -2.100402447657760963e+00 3.228703327883710172e-01
9.928748684560298465e-02 -2.071201314126195125e+00 3.127961252369824696e-01
1.032783481457889285e-01 -2.039646339607041003e+00 2.999415609328405785e-01
1.523685975591712871e-01 -2.064506214046682331e+00 2.889682257094249307e-01
2.066744382401138891e-01 -2.029871763163038523e+00 2.834303996766556200e-01
1.942837790777310336e-01 -2.028182136067868235e+00 2.751233345525279095e-01
1.625122791109410991e-01 -1.999730703171796797e+00 2.682902957975942249e-01
1.945723544169974950e-01 -2.009185578721123022e+00 2.631478087974285507e-01
2.096708937627944358e-01 -1.999399941057272034e+00 2.575512691583007330e-01
2.304688868210260644e-01 -1.978841958397155487e+00 2.507841288578032679e-01
2.658536989993134925e-01 -1.988849802679048873e+00 2.469939706640483512e-01
2.715662703750926221e-01 -1.978114745022150123e+00 2.464878744993807547e-01
2.545608607955961444e-01 -1.957172934903121053e+00 2.444247571381029105e-01
2.504495202537211362e-01 -1.959697969025793407e+00 2.419592724992889743e-01
2.529009702589932185e-01 -1.921203777862215301e+00 2.425841277369017723e-01
2.393690952723509513e-01 -1.902680022144117578e+00 2.421311335506826645e-01
2.078963875150614538e-01 -1.880018488118493591e+00 2.423512896958336937e-01
2.020835207719958171e-01 -1.865137880634159417e+00 2.452932349624885600e-01
1.685509090260015608e-01 -1.853498725105990230e+00 2.463719726112000574e-01
1.597314990237121146e-01 -1.808672782432331871e+00 2.497931924993233854e-01
1.737017546906281795e-01 -1.810165698288944247e+00 2.531358957554118994e-01
1.467678269813222358e-01 -1.775524104888886123e+00 2.578122915458285203e-01
1.005024170796358363e-01 -1.750301910371733216e+00 2.634492855950192336e-01
3.845376293156667347e-02 -1.722108382857475029e+00 2.682912279565778935e-01
-3.085567265344542343e-02 -1.668867164289972393e+00 2.736314026287214873e-01
-7.283164872178633786e-02 -1.624213064204522272e+00 2.737788960024283291e-01
-4.507498659019236464e-02 -1.584790694758740015e+00 2.755604787749050821e-01
-2.539842293497473341e-02 -1.563643863210102847e+00 2.776210097350924055e-01
-4.977052803318408880e-02 -1.513146382393963263e+00 2.781383761843306823e-01
-7.259493218114201896e-02 -1.497651952478386672e+00 2.800576354483165775e-01
-8.635035420164696718e-02 -1.445382125340344270e+00 2.810175917000254930e-01
-6.486223749265025706e-02 -1.410716859682303426e+00 2.812002203874049422e-01
-5.199125258669906602e-02 -1.391570543463781062e+00 2.824574453950291497e-01
-6.300482200200625826e-02 -1.331019396859587367e+00 2.825692486180467755e-01
-7.205522669798014590e-02 -1.316463530275761684e+00 2.840099512511909952e-01
-8.716029562632568450e-02 -1.296669475398598115e+00 2.853426461579372519e-01
-9.497298680169237450e-02 -1.255319777091019162e+00 2.875573714076379850e-01
-1.023999558292992551e-01 -1.201037181347418548e+00 2.889900203315882710e-01
-9.424403967891370471e-02 -1.205050575394759349e+00 2.932857876421849919e-01
-7.414654615007003347e-02 -1.175364818362527153e+00 2.968190829248951168e-01
-6.334160322459427006e-02 -1.164203765443679650e+00 3.005140637244200774e-01
-7.264767289692691810e-02 -1.145795193169656168e+00 3.053451336007538819e-01
-7.817956021641002395e-02 -1.123988910195735658e+00 3.098355515963996942e-01
-8.713413424511817773e-02 -1.095117896375364053e+00 3.147782074101314054e-01
-1.192925092034586992e-01 -1.081170614187139556e+00 3.195505103540929870e-01
-1.175410107860667824e-01 -1.042625244367522352e+00 3.186287824131548985e-01
-7.491124786189028162e-02 -1.040787250484139337e+00 3.200646251321010438e-01
-5.938902333781959086e-02 -1.018701625614945261e+00 3.189759853034497827e-01
-4.778379275948854005e-02 -1.002030953950530323e+00 3.181233017365603932e-01
-2.735422677795572993e-02 -9.888556506649399669e-01 3.201758114618336593e-01
-7.942456742159513527e-02 -9.803616129907025689e-01 3.194067256451975090e-01
-7.671755777083519301e-02 -9.681816608670202884e-01 3.199217041407478868e-01
-6.664129654738842889e-02 -9.462910602575264063e-01 3.195210235627976569e-01
-6.482348692215572639e-02 -9.323249882970157110e-01 3.212172852566970715e-01
-9.198114356258925428e-02 -9.284791926756207348e-01 3.217671518378027451e-01
-9.760190526897047358e-02 -9.167878707190462162e-01 3.202970548453245581e-01
-5.755163566681761877e-02 -9.127596744453330135e-01 3.208036909637923539e-01
-2.050146710214231782e-02 -8.823865782273039304e-01 3.214228542237898556e-01
