9.457631464284241840e-01 2.175117526242598132e-02 2.025482650771268794e-03
1.850327519657630759e+00 2.526128768191008081e-02 5.919830971971098282e-03
2.771369811802432359e+00 -6.466872499920815059e-03 7.843831518242300530e-03
3.684482915433804351e+00 2.470226562417080635e-03 1.101793890141357021e-02
5.164517846322548955e+00 6.490713655696163098e-01 1.366173029056435249e-02
6.237233328886188310e+00 1.008905098921627719e+00 2.255836212500468563e-02
7.189240127823726567e+00 1.028331441035304827e+00 2.547288357928161398e-02
8.125963731386933731e+00 1.039681441306975707e+00 2.879355548576129076e-02
9.282397341599541107e+00 1.313774222388905288e+00 3.790894288049383165e-02
1.028469495167701986e+01 1.402347497188828784e+00 4.397059431440524663e-02
1.119414170932010499e+01 1.461377574969610071e+00 4.946060145457826379e-02
1.214071719949006223e+01 1.549004765311144061e+00 5.665900973737208329e-02
1.306392774631463816e+01 1.651180480278832352e+00 6.476703408487891056e-02
1.414067826575933573e+01 1.947517991323210795e+00 7.840469669291406929e-02
1.505392299760386798e+01 2.071175125145479523e+00 8.752901819803229899e-02
1.600956447612639622e+01 2.316693160137631935e+00 1.001635055492928472e-01
1.692906973075861643e+01 2.463419328292377308e+00 1.091288510650507276e-01
1.782462043106226801e+01 2.605561050717598359e+00 1.171879240413938872e-01
1.876197713429221636e+01 2.769503829660257210e+00 1.255753889230658005e-01
1.950901961970854614e+01 2.845508571615226412e+00 1.277568121203122020e-01
2.055106778661784617e+01 3.102071177489313936e+00 1.368716781852762909e-01
2.151925372198751063e+01 3.267012965525140533e+00 1.453198697069917056e-01
2.256500659855435131e+01 3.456203289306779780e+00 1.539340568936814757e-01
2.383949275540650348e+01 3.834540441074046679e+00 1.679239971815925381e-01
2.478162716042207947e+01 3.978555731047823230e+00 1.743325236458684313e-01
2.572519595935721526e+01 4.133045804315347738e+00 1.805029083324380945e-01
2.674579692808864095e+01 4.358401192213104736e+00 1.881140804265179489e-01
2.760346955302248162e+01 4.510140399308374626e+00 1.953494081144014904e-01
2.841490897583947017e+01 4.595610107621354246e+00 1.998808628374978968e-01
2.942459205828760460e+01 4.821802492156337827e+00 2.069432869054597390e-01
3.043009813824188114e+01 5.087714793871753294e+00 2.154168531110084162e-01
3.142847408002366549e+01 5.331351577445859746e+00 2.237603101187005950e-01
3.244536987893427238e+01 5.597771817323516252e+00 2.320577873930016743e-01
3.349573551311399200e+01 5.889905897754083242e+00 2.404482103170112184e-01
3.455174449098774403e+01 6.138353652342831701e+00 2.474101452569912873e-01
3.566018259168699700e+01 6.459181970127245265e+00 2.551655187698830818e-01
3.695259558896640328e+01 6.896619413939356846e+00 2.654271301505034542e-01
3.829497213766335051e+01 7.302480820128117500e+00 2.752223588412459065e-01
3.974868789332106189e+01 7.591020207572526601e+00 2.834815829628463679e-01
4.093841846940094342e+01 7.797484171667988129e+00 2.877468963221966880e-01
4.208775089852621676e+01 7.965240491167718595e+00 2.910780308629025703e-01
4.325543556787741295e+01 8.132793118929962262e+00 2.951309635261477604e-01
4.443965952479199188e+01 8.313251177196791630e+00 2.992389217258162315e-01
4.554508431281252001e+01 8.429800403690533628e+00 3.019377872022119269e-01
4.668507557581876455e+01 8.527905379561754984e+00 3.030039193743441217e-01
4.779590732151447696e+01 8.628229849217078140e+00 3.048183210771731599e-01
4.886911809341159341e+01 8.753508797444085943e+00 3.079274196932411667e-01
4.997634830514986959e+01 8.906879405170890607e+00 3.110033676261942381e-01
5.107351398608200554e+01 9.090857110419300113e+00 3.147723722092771736e-01
5.221624394928179669e+01 9.229523847675386250e+00 3.177116447558958612e-01
5.334712537504193364e+01 9.423637429771966723e+00 3.208213803552557586e-01
5.457264621038575569e+01 9.645485949739882159e+00 3.243694842644722631e-01
5.589331562532530739e+01 9.961549206462006367e+00 3.298795788755522485e-01
5.714044560077770996e+01 1.029667508279644572e+01 3.341580256260250903e-01
5.860825992902904602e+01 1.081052819605422322e+01 3.422458928926253585e-01
6.015018181044713685e+01 1.156157036911344349e+01 3.535586601863743850e-01
6.190159253360410219e+01 1.241896754121665403e+01 3.680488768099646202e-01
6.311607914685646392e+01 1.251559386191348544e+01 3.684687145374987982e-01
6.428004597222160044e+01 1.259925754610270943e+01 3.688149682756253211e-01
6.553430368150741003e+01 1.271726829657324132e+01 3.699069781885320207e-01
6.678385355472387630e+01 1.284395202277940840e+01 3.701979051806476018e-01
6.825267516968489190e+01 1.325795183362378005e+01 3.744121816699319538e-01
6.966255474373524237e+01 1.346864434492847273e+01 3.774165602044263768e-01
7.104739109124587060e+01 1.363295338321818129e+01 3.790181928420801594e-01
7.236436113268889869e+01 1.362454657094734145e+01 3.783400114051712060e-01
7.368313279849714093e+01 1.346225889939803189e+01 3.766051070881311080e-01
7.498429719759720058e+01 1.355105681449697563e+01 3.771559921600395882e-01
7.630840402052382387e+01 1.362408208899017481e+01 3.773405091933422217e-01
7.773464556191993324e+01 1.380499553468746576e+01 3.795221101462720736e-01
7.905332531661872508e+01 1.359785199965177860e+01 3.772385546723803218e-01
8.037662821445120187e+01 1.368305146024689378e+01 3.774029684091100290e-01
8.169387915348829665e+01 1.377924030520658683e+01 3.790747152532069064e-01
8.297789440450702614e+01 1.380762505066993739e+01 3.790965826411620831e-01
8.422382373627073093e+01 1.383255499702124069e+01 3.801674036232402520e-01
