8.300423859023675632e-01 3.958562406370358389e-02 7.776915072803580568e-03
1.643262625811778621e+00 5.009245390504082907e-03 1.641874042790532340e-02
2.440618087109380774e+00 -1.362763201439523841e-01 2.621300291450657377e-02
3.206585462320413971e+00 -1.927550308567925474e-01 3.644511184114883340e-02
3.928851275020437406e+00 -2.187987640386536703e-01 4.839420202110815417e-02
4.651278636599986527e+00 -2.600310075887751760e-01 6.096532183501385260e-02
5.345332367655994510e+00 -2.975430372259907918e-01 7.588308438510002474e-02
5.983424788854415866e+00 -4.091087286862468142e-01 9.279368559649898984e-02
6.523278371207032578e+00 -5.293058731865036837e-01 1.093674972711435461e-01
7.153441596605134123e+00 -6.479747826041134529e-01 1.326581332316056905e-01
7.759387032444335475e+00 -8.189625847840830142e-01 1.587116131914873274e-01
8.298099455948168668e+00 -1.034645720287812987e+00 1.868117325155562447e-01
8.818979894563966582e+00 -1.287380992274036240e+00 2.204036197638969963e-01
9.337951656618189489e+00 -1.567995334110526162e+00 2.559355160023888964e-01
9.842663523458007546e+00 -1.918279948609874497e+00 2.934266501387208237e-01
1.031032700524839463e+01 -2.317087493900597650e+00 3.328349186645934155e-01
1.072975785200166854e+01 -2.752252292011996726e+00 3.741303569648098959e-01
1.118507911988788806e+01 -3.223254721414989810e+00 4.157712574736026623e-01
1.161434803745496680e+01 -3.725005950166327739e+00 4.573019619188119500e-01
1.201006041854462580e+01 -4.246349141827837848e+00 4.985789310026377263e-01
1.229521924424894941e+01 -4.761428498110239715e+00 5.372201669583029915e-01
1.261546452084670022e+01 -5.332236999556396739e+00 5.791258303854212031e-01
1.291955331560489029e+01 -5.922690513107727206e+00 6.224060529722247326e-01
1.320370604264788916e+01 -6.522776691918159564e+00 6.670127199129561868e-01
1.345376728573109837e+01 -7.145510700491819023e+00 7.129382373459205446e-01
1.365130416349356501e+01 -7.805744148007011773e+00 7.611711490835635363e-01
1.381425467456748102e+01 -8.505029070133087288e+00 8.107403892724506234e-01
1.394317968951682829e+01 -9.242063170308266962e+00 8.623736417617348105e-01
1.404007826885389498e+01 -9.979686102618490651e+00 9.143775163829268582e-01
1.410996503794190993e+01 -1.071719405086246368e+01 9.668125061018927324e-01
1.414183764408570454e+01 -1.146775433319516857e+01 1.019539524369625916e+00
1.414046509660014728e+01 -1.222803120773598096e+01 1.072378600632046597e+00
1.408753697690159967e+01 -1.302240612229694960e+01 1.125739325203946262e+00
1.402908776142347946e+01 -1.380298870085902507e+01 1.177772382706644638e+00
1.396727035347847945e+01 -1.457154428575639926e+01 1.228721183376964898e+00
1.394740451864633179e+01 -1.524435121353848288e+01 1.275076554812321294e+00
1.403831031783453476e+01 -1.585583738678075605e+01 1.314549671172433154e+00
1.421781127407458278e+01 -1.637923133959365174e+01 1.347727793713269895e+00
1.449683226931527535e+01 -1.683155231846263433e+01 1.376206745434997769e+00
1.485054999682581212e+01 -1.719811167258942675e+01 1.400297053257186786e+00
1.529807233477351325e+01 -1.751264537959340473e+01 1.419821659827698479e+00
1.585117196631391856e+01 -1.776537729586130610e+01 1.434264748928377742e+00
1.645063216088879088e+01 -1.800417467040964681e+01 1.443722373825847782e+00
1.714135156570682739e+01 -1.814479719383049527e+01 1.449934764150778488e+00
1.790711407800699106e+01 -1.821068059672846573e+01 1.452670116002671374e+00
1.873610233517300827e+01 -1.824024444162026271e+01 1.452980510613185672e+00
1.962474122476002236e+01 -1.822691291726875917e+01 1.452784680724445110e+00
2.052940809987739001e+01 -1.821609944633951272e+01 1.452192608899333548e+00
2.146617082372188179e+01 -1.819875437172690980e+01 1.451078300530064924e+00
2.242772405827350113e+01 -1.816382478864101557e+01 1.449625025213982843e+00
2.340054795680797994e+01 -1.813029676333396623e+01 1.448010089575211046e+00
2.437452221838756117e+01 -1.810801205357032018e+01 1.446771309120556737e+00
2.542675711170505792e+01 -1.805372505670488437e+01 1.444450812229114200e+00
2.658662654801036851e+01 -1.789821684484424935e+01 1.441794625265865992e+00
2.768823633775097548e+01 -1.782784420008642456e+01 1.439691486005981957e+00
2.876374656039657296e+01 -1.778121252406712216e+01 1.437636215872164058e+00
2.985903302581877128e+01 -1.770476257276827425e+01 1.435191626244971763e+00
3.105892460268182376e+01 -1.757896161154311798e+01 1.431292727366884954e+00
3.221429402737707903e+01 -1.746898322005944948e+01 1.428311814977381466e+00
3.338006890803758608e+01 -1.734771759257572654e+01 1.425139978505172156e+00
3.455366468240978861e+01 -1.721065361361524637e+01 1.421833696913784584e+00
3.576738130875790489e+01 -1.702739977888126077e+01 1.418365157809087673e+00
3.700230659315501924e+01 -1.682788182652070574e+01 1.414483027062992004e+00
3.826250947547529080e+01 -1.657924853966861178e+01 1.409245127444289425e+00
3.953509602835476500e+01 -1.631782460950745417e+01 1.403342147875366708e+00
4.082614335398297101e+01 -1.577534669667421596e+01 1.395043125808355988e+00
4.198330034845852765e+01 -1.550634755928744468e+01 1.391562884580153758e+00
4.318799615300932260e+01 -1.539468983752711750e+01 1.388862947672206305e+00
4.439381174467214919e+01 -1.530200889922109653e+01 1.386575327831057525e+00
4.560208586317741464e+01 -1.517257905991227140e+01 1.383726093813858471e+00
4.676639834339416524e+01 -1.509959715540778546e+01 1.382369464875547571e+00
4.790588968646905244e+01 -1.504489802273487697e+01 1.381583316299703545e+00
4.907017201782381477e+01 -1.497578085470575004e+01 1.380769965020324008e+00
5.023902836997132937e+01 -1.491683217190724520e+01 1.379920857068912987e+00
5.139356820235934720e+01 -1.488291710763810016e+01 1.379270269261664073e+00
5.255466584572529598e+01 -1.485640107898579387e+01 1.378813316523449517e+00
5.371334830709623276e+01 -1.484733861277565126e+01 1.378671550233194543e+00
5.487350108190179299e+01 -1.485974470473865949e+01 1.379051742461155250e+00
5.604385774404411791e+01 -1.488169914799862426e+01 1.379301118427014528e+00
5.721425018295600751e+01 -1.489682430228264920e+01 1.379576387612911237e+00
5.842982759581386887e+01 -1.489826993781142583e+01 1.379393432284797161e+00
5.963112746748882387e+01 -1.494150382983392511e+01 1.379541494899217957e+00
6.085598690122646559e+01 -1.488366970343164830e+01 1.379059959802189317e+00
6.207780359523891889e+01 -1.484920279028254697e+01 1.378804093824823829e+00
6.338955435903066160e+01 -1.471354722551986960e+01 1.376266506855061023e+00
6.470984988503742841e+01 -1.461067446542612558e+01 1.373197864828895831e+00
6.588791637959050718e+01 -1.463781639751572428e+01 1.373358343125653525e+00
6.714441339304968892e+01 -1.450329659345309352e+01 1.371419915107339405e+00
6.839712119212761365e+01 -1.439495711771634312e+01 1.369884933800279425e+00
6.968573122144705678e+01 -1.423187941769912968e+01 1.367782447112169564e+00
7.098912900196332032e+01 -1.405123122441490580e+01 1.365646848573347061e+00
7.232417241732265722e+01 -1.385080734884641274e+01 1.363338997270237218e+00
7.375249113062427853e+01 -1.356540529158539421e+01 1.360222736779824304e+00
7.514694856839525983e+01 -1.330026893846664393e+01 1.357905599478597125e+00
7.655525293180613744e+01 -1.293037263707262596e+01 1.356039902201171321e+00
7.803297347402973116e+01 -1.236815842538582544e+01 1.356381081335171990e+00
7.988532542748016851e+01 -1.118860706830157170e+01 1.339458558188090009e+00
8.177886409133526513e+01 -9.821140375861894256e+00 1.322059776371118378e+00
8.321790337048818742e+01 -9.513716998870471286e+00 1.318169295168693633e+00
8.462510228837581394e+01 -9.344584062528550561e+00 1.317362493439193427e+00
8.601290151859973321e+01 -9.254609730960515535e+00 1.317062460727410400e+00
8.758548387685119962e+01 -8.815773824478156939e+00 1.312196351210257683e+00
8.904686858431756491e+01 -8.506700417631339661e+00 1.308690947713123220e+00
9.052758076225531170e+01 -8.051998965812092734e+00 1.304175414667564592e+00
9.210920809724939318e+01 -7.371001106259605251e+00 1.296828236671256018e+00
9.362740024667930072e+01 -6.996701148733786013e+00 1.292878223312856845e+00
9.508202952139393460e+01 -6.827698789664065515e+00 1.290778606728580469e+00
9.654550909064406028e+01 -6.656038533666126966e+00 1.288837571364409573e+00
9.802565271977329076e+01 -6.455093079075402862e+00 1.287004834329596559e+00
9.961334658947085074e+01 -5.722367902910415083e+00 1.280273201428363761e+00
1.011582421557605755e+02 -5.400266682752019598e+00 1.277443835116739645e+00
1.026977393796538678e+02 -5.038488403764239898e+00 1.274358527203152347e+00
1.042996519420135257e+02 -4.783271114811092239e+00 1.272063993114447289e+00
1.058516877918714698e+02 -4.823193347446364854e+00 1.272711990450461794e+00
1.073337446020290855e+02 -5.366008600742332213e+00 1.277236665931602566e+00
1.088223938653398193e+02 -5.310411596166675352e+00 1.276971422294950864e+00
1.103505922429336437e+02 -4.743258308689042302e+00 1.272283915396399401e+00
1.118705509021766318e+02 -4.474330050377420598e+00 1.270006100927765225e+00
1.133668445300974810e+02 -4.605486843870174596e+00 1.271134298246688887e+00
1.149840192276236195e+02 -4.222492725821670234e+00 1.268434944706726686e+00
1.164674399906696181e+02 -4.620586217240433058e+00 1.271784036363474701e+00
1.179698276903105238e+02 -5.412721158239683916e+00 1.278451183254744494e+00
1.195125781633584410e+02 -6.075903885645931091e+00 1.283754391663668004e+00
1.212018499569855976e+02 -6.873438742556844616e+00 1.291315030399080577e+00
1.225924370224230273e+02 -6.929934692160490073e+00 1.290134202584863665e+00
1.241104298180903527e+02 -6.892438210922249731e+00 1.289786688900259826e+00
1.256058084447445822e+02 -7.531029646297531244e+00 1.294318895085248444e+00
1.271660114662998922e+02 -8.325287900886587877e+00 1.300033830896829112e+00
1.286707832167683705e+02 -9.261510630090320717e+00 1.307082998161404053e+00
1.301648664588365705e+02 -9.428825608724029195e+00 1.308666502848886859e+00
1.316296474060776518e+02 -9.996608039231123399e+00 1.313280368677267385e+00
1.332328503460446143e+02 -1.006413248582635589e+01 1.313590349364880616e+00
1.347635015023272445e+02 -1.015642915084677966e+01 1.314565503373395394e+00
1.362414192389478558e+02 -1.010624126630345465e+01 1.314350691192984755e+00
1.378245562614584401e+02 -1.009698277543843048e+01 1.314377253744111851e+00
1.393109551417076943e+02 -1.011079274074032952e+01 1.314513111742531493e+00
1.409023650489980071e+02 -9.609438063057247348e+00 1.311322206124537093e+00
1.423768826427051977e+02 -9.693939616361610945e+00 1.311924819096588424e+00
1.438797936828859179e+02 -9.657937667462842768e+00 1.311702686029147191e+00
1.453900397891528371e+02 -9.434756515673672794e+00 1.310134982260390935e+00
1.468859879936125594e+02 -9.429696217260994828e+00 1.310207954904996974e+00
1.483742626348172280e+02 -9.378749982404983143e+00 1.309970952249846610e+00
1.498680385329784599e+02 -9.257106833999035445e+00 1.309069372842598833e+00
1.514287211905902666e+02 -9.173440984226505890e+00 1.310113915472771451e+00
1.529329204886433047e+02 -8.654126925222161759e+00 1.307196405273193252e+00
1.544320966145874934e+02 -1.101454591109558478e+01 1.321095822129003228e+00
1.558959766216473497e+02 -1.075653994980836003e+01 1.319666325674345053e+00
1.574832009045076404e+02 -9.955622720914098167e+00 1.312917541276704458e+00
1.589678396722361242e+02 -9.748119320866933890e+00 1.311321748409864263e+00
1.604637925096818094e+02 -9.476907818288161423e+00 1.309388452719073115e+00
1.619589796537432278e+02 -9.132594731953131983e+00 1.307121593745409927e+00
1.634638503916370951e+02 -8.775720473463977100e+00 1.305045681117877443e+00
1.650357934764728611e+02 -8.239618433629189553e+00 1.301904182554178835e+00
1.663842149762339488e+02 -8.401557008488452993e+00 1.303257930112706742e+00
1.677682304023715574e+02 -8.699306214980811802e+00 1.305139097985866581e+00
1.697509072645288200e+02 -5.755868110932164328e+00 1.288041986078044765e+00
1.718963498028790582e+02 -1.516551421408289135e+00 1.264322795473020067e+00
1.733611461739538129e+02 -1.241041455851099595e+00 1.262525533127694777e+00
1.748126948738088515e+02 -1.067851521998351982e+00 1.261400629529763506e+00
1.763594535454705579e+02 -1.406077481527060746e-01 1.256308433545235470e+00
1.779036560967252854e+02 7.093736512564965402e-01 1.251555359090841035e+00
1.794348223146541272e+02 1.069008378935851322e+00 1.249262367327487411e+00
1.809259874370419254e+02 1.800751459780998154e+00 1.245266637596856851e+00
1.824302638652888504e+02 2.559459738033535547e+00 1.241293234235622656e+00
1.837643852392386066e+02 2.660708987545978843e+00 1.241289505887177125e+00
1.851686056504706528e+02 3.126327076229515889e+00 1.238953335741079131e+00
1.866461595523386734e+02 3.977875757052459882e+00 1.234479734581479526e+00
1.881014602660098660e+02 4.500853083414206424e+00 1.231691389864336905e+00
1.895456495790670317e+02 5.120961848784990167e+00 1.228425801937886419e+00
1.909469630201546408e+02 5.339324171339223213e+00 1.227204559130911310e+00
1.922601558522393361e+02 4.983918239355344504e+00 1.229208982835839237e+00
1.936567430181670488e+02 4.984124561524494901e+00 1.229441207711931883e+00
1.950658037442094610e+02 5.022777484736714371e+00 1.229287300284596318e+00
1.965033385745097405e+02 5.498848313184706349e+00 1.226956451934016590e+00
1.979195291506714227e+02 5.631557900293713281e+00 1.226177440625332959e+00
1.993491541240969980e+02 5.836791497777373827e+00 1.225139165613119419e+00
2.006698845559719473e+02 5.269477630557969583e+00 1.228035405055869278e+00
2.020652289355680864e+02 5.394924604238525490e+00 1.227335431438721258e+00
2.034397380294240349e+02 5.222469652186326527e+00 1.228186353039875778e+00
2.048089288001787054e+02 4.955679956971778211e+00 1.229511222799022807e+00
2.062053792756451855e+02 4.728396048197242685e+00 1.230557337891316827e+00
2.076394548925467234e+02 5.048593764755583635e+00 1.229238321640449660e+00
2.090454761628620588e+02 5.522592978915274564e+00 1.227094656768781489e+00
2.104355449352935636e+02 6.469229958993562235e+00 1.222849183215617641e+00
2.118481940912181756e+02 7.235509579040298789e+00 1.219378907103023657e+00
2.132463593108301723e+02 7.962475002287985326e+00 1.216137069770938828e+00
2.146169161366827609e+02 8.330665866100114059e+00 1.214353116817086464e+00
2.159963370276988712e+02 9.059786023603257021e+00 1.211001009778616799e+00
2.173694550220336339e+02 9.747660546606541132e+00 1.207801736189085373e+00
2.187500410569859071e+02 1.041959771335517182e+01 1.204665283964003741e+00
2.201441262174289761e+02 1.147479000247565395e+01 1.200119961473672392e+00
2.215315663136719024e+02 1.237046631241284800e+01 1.196319993143649674e+00
2.229199542521756996e+02 1.330300791331403865e+01 1.192370669427281316e+00
2.243265466949406459e+02 1.418950652570781656e+01 1.188475773231331134e+00
2.257016348080184969e+02 1.539864180485328227e+01 1.183639925792773218e+00
2.270334553268799311e+02 1.648948700341237128e+01 1.178979005253774304e+00
2.283750208264639809e+02 1.724565042151587235e+01 1.175695082137200975e+00
2.297566318719003391e+02 1.792842976807276045e+01 1.172724910517356722e+00
2.311310921567408627e+02 1.867546227576426077e+01 1.169446115635075056e+00
2.324904692478662298e+02 1.933672607826650136e+01 1.166519892046404383e+00
2.338879888112525975e+02 2.022844950965375332e+01 1.162531779193656689e+00
2.352630447066515273e+02 2.120708974268335822e+01 1.158441009040375835e+00
2.366120451209766884e+02 2.212538987321697448e+01 1.154445367148930313e+00
2.379723417951524880e+02 2.297277888837297155e+01 1.150977232878516165e+00
2.394030031667150809e+02 2.324585091333386089e+01 1.149881763075465635e+00
2.408448776615661586e+02 2.353622814413842690e+01 1.148646270045418749e+00
2.422781175910936611e+02 2.389113724745638123e+01 1.147192175095038014e+00
2.437528815880266109e+02 2.431588526002920858e+01 1.145299410062557088e+00
2.452030631843378217e+02 2.455961177323398203e+01 1.144008918479468839e+00
2.466796026980626948e+02 2.414596497082846938e+01 1.145599124614620212e+00
2.481760822094899765e+02 2.501436434546247511e+01 1.142455474970121676e+00
2.497071353177204855e+02 2.562844297362859791e+01 1.139979901110336868e+00
2.512204952039321029e+02 2.683504050551103859e+01 1.135012216806103647e+00
2.527307857058134459e+02 2.792986503537004950e+01 1.130470701373145870e+00
2.542835640675305342e+02 2.898333499938102165e+01 1.126451408515170449e+00
2.558455662247938278e+02 2.970915707439027642e+01 1.123619412913035465e+00
2.572944951657419779e+02 3.228623545184219523e+01 1.113978326627161008e+00
2.587148063502810373e+02 3.447380518456385090e+01 1.105609604611413221e+00
2.602753759614645332e+02 3.454214441561109084e+01 1.105236443021275550e+00
2.618269063645228130e+02 3.523775925817783872e+01 1.102650555966350865e+00
2.634105569311095678e+02 3.510609205275871858e+01 1.103192843273906876e+00
2.649657922379628303e+02 3.514998936772398963e+01 1.103064055450627023e+00
2.665245706910523609e+02 3.512531260420421120e+01 1.103305465675177732e+00
2.679055786787989177e+02 3.698826957036644814e+01 1.096038096088938207e+00
2.694219890876939871e+02 3.674029750769621927e+01 1.097023015358568498e+00
2.711360677406975697e+02 3.602772800820399368e+01 1.099636579955262095e+00
2.727936842663403922e+02 3.514531229990519989e+01 1.102898659611443621e+00
2.744112472973149011e+02 3.442595066655790959e+01 1.105581436836367004e+00
2.760250284506095113e+02 3.372343504325690589e+01 1.108166459111826541e+00
2.776184378174785934e+02 3.339992224039740165e+01 1.109338362887216434e+00
2.791433136881368000e+02 3.366174760145472789e+01 1.108689868276952373e+00
2.806357688227881795e+02 3.460886136847514649e+01 1.105691422180236527e+00
2.822046842153283137e+02 3.501822558111186368e+01 1.104172593013975856e+00
2.838234509809514066e+02 3.535114687066486283e+01 1.103099260303052720e+00
2.854972901074344236e+02 3.565667494939144433e+01 1.102476030793656081e+00
2.871062012191545705e+02 3.629840233838070418e+01 1.100763058143678919e+00
2.885431360315613460e+02 3.663476346649163418e+01 1.099968507077528690e+00
2.900495874345975267e+02 3.832083229855676620e+01 1.094920416882152026e+00
2.915760143151350690e+02 3.994399249493830695e+01 1.089950699932741074e+00
2.929034161865097303e+02 4.196861334704993141e+01 1.083178581975163812e+00
2.944287445144758522e+02 4.223850071538140583e+01 1.082235456664959905e+00
2.959394207229520362e+02 4.196376288928930620e+01 1.083383355615387789e+00
2.973811827492747284e+02 4.250227600430027763e+01 1.081771102075369528e+00
2.987931583983432233e+02 4.353721256397130901e+01 1.078556802358946243e+00
3.002625477588418335e+02 4.434623183539964941e+01 1.075923883241232781e+00
3.017440606810736767e+02 4.510658205131020537e+01 1.073424733471094905e+00
3.032234161108579542e+02 4.643602460890804906e+01 1.069009442702728574e+00
3.046847546610011932e+02 4.741970205884774714e+01 1.065996338152578105e+00
3.061115917306867118e+02 4.924653694439115270e+01 1.060142488236565983e+00
3.075845113715529351e+02 4.983734906107097373e+01 1.059011672452620179e+00
3.090463048183864885e+02 5.133841020162537205e+01 1.054413242028938269e+00
3.105950663645134568e+02 5.246764801109978293e+01 1.050903579670222410e+00
3.122504135389551720e+02 5.216723295867520704e+01 1.051996318277228504e+00
3.137072125697278011e+02 5.354985533660211416e+01 1.047846905249885108e+00
3.152392620615381134e+02 5.452933120822562785e+01 1.044614195559857350e+00
3.168105597136110418e+02 5.466376181202694085e+01 1.044030077104014742e+00
3.183977840848230016e+02 5.496816972665033774e+01 1.042948324378634606e+00
3.199774695043986981e+02 5.543978208736766788e+01 1.041596140708640927e+00
3.215463105687414895e+02 5.599979609744503506e+01 1.039923058008911161e+00
3.231326759234945030e+02 5.657917507925967726e+01 1.038233980759216024e+00
3.247303065130940922e+02 5.693517810513976940e+01 1.037037788838254926e+00
3.263196509341374281e+02 5.741588851547828654e+01 1.035575415199008642e+00
3.279346668720701814e+02 5.808247971631860196e+01 1.033499141441947655e+00
3.295734260693105853e+02 5.842581241345188658e+01 1.032439711254779180e+00
3.312229367888039633e+02 5.870933372696958941e+01 1.031545938594291778e+00
3.328616484626131182e+02 5.890978816544174634e+01 1.030917316655806548e+00
3.344854848602687412e+02 5.919750434124961203e+01 1.029995063995051918e+00
3.360875878936410004e+02 5.942763549476947560e+01 1.029285553523400454e+00
3.376977279792071158e+02 5.965012623013996773e+01 1.028622173846002408e+00
3.393094314651668810e+02 5.997178639658461918e+01 1.027782682260147906e+00
3.407705803990040749e+02 6.140582179797368667e+01 1.023472690030974741e+00
3.424163490304795801e+02 6.101467004521660442e+01 1.024682568666139604e+00
3.441145166340062360e+02 6.033507527365306800e+01 1.026590613497948334e+00
3.458599553696379303e+02 5.971579055561438309e+01 1.028425812494458080e+00
3.472741958342824091e+02 6.080714903079146438e+01 1.025678869682729477e+00
3.489293377877917237e+02 6.035677461417639478e+01 1.027016530399919025e+00
3.505935580205388646e+02 6.002128217861255877e+01 1.028033709547731211e+00
3.522394106616570184e+02 5.966658596087625455e+01 1.029100500265045071e+00
3.538577346216343926e+02 5.963520386200674750e+01 1.029110289369125075e+00
3.554611402766009292e+02 5.996332004091948420e+01 1.028215237009963756e+00
3.565083745800601491e+02 6.254788811696275985e+01 1.021239469998805216e+00
3.580340314997938549e+02 6.325194817032785011e+01 1.019393078999633495e+00
3.595573735691785942e+02 6.375936802863913044e+01 1.018038520236002720e+00
3.610503225193759818e+02 6.438169611545816906e+01 1.016329173193785129e+00
3.624333027231280084e+02 6.568041117140725760e+01 1.012943327615573264e+00
3.638507832492215925e+02 6.633967571575965394e+01 1.011181957532519160e+00
3.653299408351648481e+02 6.666837838400151384e+01 1.010242106588221223e+00
3.668321400882470584e+02 6.718584299019913431e+01 1.008795039626061429e+00
3.682211326353286154e+02 6.860006241230293256e+01 1.004983542387852591e+00
3.696495839594911104e+02 6.937863260557575984e+01 1.002952315217197299e+00
3.710668994222688752e+02 7.010307144597067008e+01 1.001046256373698151e+00
3.725154873289595798e+02 7.070531998285552788e+01 9.995245333287009482e-01
3.738969683923655225e+02 7.141031023790789334e+01 9.976140661713081004e-01
3.752973182586572420e+02 7.211660404433932570e+01 9.956717990997202561e-01
3.766927033886915410e+02 7.289101785349112106e+01 9.937001262002598256e-01
3.780899355052847568e+02 7.360600860947806723e+01 9.918501671925934460e-01
3.794982214524884512e+02 7.438098026381905470e+01 9.898945321133397757e-01
3.809191400463736841e+02 7.510544395927787775e+01 9.879505007506240721e-01
3.823386814427377658e+02 7.584852912089074550e+01 9.859983360491899607e-01
3.838241329542038329e+02 7.592072900301715777e+01 9.858450749865250717e-01
3.853985021835924272e+02 7.588996048452281684e+01 9.860106966584469834e-01
3.869750022116786567e+02 7.574679588940652764e+01 9.864368783816656050e-01
3.883934078723012817e+02 7.661144026684222297e+01 9.843086629307404856e-01
3.897715455816005488e+02 7.766944715756685014e+01 9.816576880942845529e-01
3.912651430468148419e+02 7.793140025098729495e+01 9.810673769684506995e-01
3.927257183736231241e+02 7.841128073065475235e+01 9.799278119774754714e-01
3.942155510058516370e+02 7.875612789323885465e+01 9.791086319846526997e-01
3.957347361084141539e+02 7.896128275387552264e+01 9.786169048754297384e-01
3.972680816805839186e+02 7.913685975323139132e+01 9.781875295992560337e-01
3.987778230035565343e+02 7.949449769114404774e+01 9.773773459683050557e-01
4.003036407806643524e+02 7.968794673106812354e+01 9.769112226579725888e-01
