1.398805245952300824e+00 -1.771910698040102261e-02 1.172622245740527003e-03
2.741234339598441316e+00 -2.051728774795862076e-02 2.762490844221581355e-03
4.086326369569982297e+00 -1.409984018376258044e-02 5.590791575205121718e-03
5.416084521195775991e+00 -3.220532455116716097e-02 9.035765371004164312e-03
6.748716467897026838e+00 -3.494819728091690808e-02 1.232035762957195413e-02
8.071696561306406892e+00 -4.782781149057389186e-02 1.575000248245893297e-02
9.428852828776770778e+00 -1.851138142913503204e-01 2.008340204141106922e-02
1.044134918145794266e+01 -1.678195855687833471e-01 2.526444425642704328e-02
1.177425903108960803e+01 -1.410249263102797690e-01 2.891779524448010938e-02
1.306465354522539712e+01 -1.848826454590859480e-01 3.388176275565093348e-02
1.437441334908546509e+01 -2.256900873007687547e-01 3.827378530369399123e-02
1.566559926535307312e+01 -2.570211442089810339e-01 4.171263345856100757e-02
1.693091833014362990e+01 -3.121260642661036200e-01 4.558464334832269121e-02
1.819740282101324169e+01 -3.701382382253221581e-01 4.961555510289921561e-02
1.943373017827811466e+01 -4.367164858692775820e-01 5.462408503023266637e-02
2.068603572872796192e+01 -5.086447265262424855e-01 5.933964475674638472e-02
2.191167202155197558e+01 -5.563498904752783858e-01 6.239610762165281183e-02
2.315233272900848149e+01 -6.131617050315347761e-01 6.600595559262817380e-02
2.439069578482248701e+01 -6.540299671821599992e-01 6.864203046941355635e-02
2.557411791188935268e+01 -6.877956459630935049e-01 7.096359089754604443e-02
2.680495708971539059e+01 -7.275412394993685528e-01 7.301045504668500497e-02
2.801058916485237305e+01 -8.550195006580671997e-01 7.736376863172124418e-02
2.923955349895506117e+01 -8.819627490735840736e-01 7.888634974891280127e-02
3.043021937559102241e+01 -9.657386883031210401e-01 8.195992201585435011e-02
3.159909841010386700e+01 -1.054635328427502738e+00 8.476040978457251296e-02
3.280490913255474084e+01 -1.146756309096169213e+00 8.764078660652682706e-02
3.397437260056508990e+01 -1.148632742469685608e+00 8.831437168548365857e-02
3.514854036045035457e+01 -1.153121873940312403e+00 8.904743402967130184e-02
3.634099938742511426e+01 -1.238862052894739829e+00 9.154114415735011001e-02
3.751601525708628770e+01 -1.320063513998584126e+00 9.364786581842193813e-02
3.856155820757173558e+01 -1.285645287932632552e+00 9.361717900227035927e-02
3.973107734233502697e+01 -1.377756924976015540e+00 9.550395328093914948e-02
4.080062253493061064e+01 -1.538102049766284729e+00 9.702793226442879559e-02
4.200503143718890442e+01 -1.686083672560992897e+00 1.008410347633026533e-01
4.314653505014298673e+01 -1.781456910498469881e+00 1.032538064718180604e-01
4.419462881662207110e+01 -1.968250483043703758e+00 1.072115655739255546e-01
4.535043490285689671e+01 -2.064734091840396246e+00 1.093698378358367584e-01
4.651471209272682472e+01 -2.158938576209617821e+00 1.115156615415231200e-01
4.765934156019109480e+01 -2.261391893494909766e+00 1.137381395142950391e-01
4.880258117184648370e+01 -2.364999445385288279e+00 1.158664335014781555e-01
4.991024118895216333e+01 -2.488935271153536188e+00 1.184036146717005189e-01
5.102817677823742315e+01 -2.629459984540882367e+00 1.215296818799511125e-01
5.213095902365231638e+01 -2.681191117031890503e+00 1.230169619448116536e-01
5.325354988144521684e+01 -2.989411605323537557e+00 1.284350190178368267e-01
5.434859167249548051e+01 -3.096260718999424899e+00 1.306445945395784403e-01
5.543267324537561080e+01 -3.208523901931592981e+00 1.327521016670875909e-01
5.653679940778958013e+01 -3.367883442435712471e+00 1.356607032288935644e-01
5.763946924033047026e+01 -3.482357959030339511e+00 1.377696358033178581e-01
5.870397545054270694e+01 -3.674606698790484405e+00 1.411750006302749660e-01
5.973449366752673484e+01 -3.826957019780479641e+00 1.440345283167281942e-01
6.075805071344287001e+01 -3.811171235958120462e+00 1.445607084672271281e-01
6.182345045085109092e+01 -3.783493860533685194e+00 1.443306886933269084e-01
6.278511114376481572e+01 -3.926918251817201888e+00 1.467106732214110976e-01
6.378448867990763915e+01 -4.069358475583280566e+00 1.494938497765939123e-01
6.485516752930391249e+01 -4.061172979491370683e+00 1.499249892846848953e-01
6.587928019117615008e+01 -4.046216548470182417e+00 1.498459836775046516e-01
6.695841950390665431e+01 -4.067897913423600187e+00 1.503267149427247040e-01
6.792249825468897484e+01 -4.225070492147830592e+00 1.524255614334874276e-01
6.886108473827374610e+01 -4.558614543220524951e+00 1.586654320870617418e-01
6.979714137160935650e+01 -4.687108299712198445e+00 1.609377580924633566e-01
7.079531666300174209e+01 -4.738510984886023181e+00 1.616356169420503919e-01
7.179451647888917876e+01 -4.813303931832597193e+00 1.625178344476036207e-01
7.276022863906727878e+01 -4.940830526519942367e+00 1.643584179196216910e-01
7.371028308429221454e+01 -4.996774207043908511e+00 1.655483442606284217e-01
7.467748107919071288e+01 -5.160341921198701165e+00 1.668959381892548277e-01
7.564142587798268380e+01 -5.267260170921791662e+00 1.682252962268320218e-01
7.659531070222917037e+01 -5.261530261050246793e+00 1.682106153249620650e-01
7.754412624843395463e+01 -5.212457110316115028e+00 1.678395207314071491e-01
7.847126611077693781e+01 -4.975578230789035494e+00 1.654110555771657887e-01
7.939176836418485550e+01 -4.978934660325959882e+00 1.654757540329966636e-01
8.025182811949545680e+01 -4.911576736125029541e+00 1.648454111779777409e-01
8.112535847952219115e+01 -4.926718918117737545e+00 1.651732637935410253e-01
8.195843735595286716e+01 -5.026792530312963692e+00 1.664998284650841820e-01
8.285866221366006812e+01 -4.951322366239795159e+00 1.657812882995068349e-01
8.373900587675787222e+01 -4.907806684260778596e+00 1.655843854657202685e-01
8.461010821888541500e+01 -4.883676336923654659e+00 1.653831077820879236e-01
8.541762181164958179e+01 -4.853328468631540105e+00 1.650154535949066859e-01
8.623571212460009860e+01 -4.829877443795965064e+00 1.652774599517244924e-01
8.705315679294407971e+01 -4.871491699498170291e+00 1.657660590319375848e-01
8.785794853823978201e+01 -4.956990799436429285e+00 1.665652612064078553e-01
8.869249562811613430e+01 -4.987900324750538239e+00 1.668843227863023027e-01
8.949547378872527759e+01 -5.041838113642347352e+00 1.673678147011915252e-01
9.029980883447153417e+01 -5.009960698312383442e+00 1.669795821139603009e-01
9.108355273381891948e+01 -5.014860734298058453e+00 1.668946619884668636e-01
9.186815221207130833e+01 -5.018952109756349422e+00 1.670050825932412608e-01
9.260532815240510729e+01 -5.051349631237211923e+00 1.672960811566434336e-01
9.336815808376722714e+01 -5.019902798357218643e+00 1.669548870551183228e-01
9.410083286517014756e+01 -5.091400727680460037e+00 1.676030162468412077e-01
9.483400940758924946e+01 -5.022416168610060794e+00 1.669902464109834783e-01
9.555567736308363180e+01 -5.058071341139017463e+00 1.674903102163136648e-01
9.627977895383278906e+01 -5.125965107876966798e+00 1.679811935797204669e-01
9.697614909492681079e+01 -5.248042168481166669e+00 1.693241481278302263e-01
9.765870275947042956e+01 -5.341170365450208735e+00 1.705600027313346201e-01
9.831958251400710935e+01 -5.537673599922745993e+00 1.728697700645829838e-01
9.897693758075371306e+01 -5.744528688466960631e+00 1.752433157618578929e-01
9.960540332892047388e+01 -5.951748297166354895e+00 1.772725948965735987e-01
1.002313573374883049e+02 -6.059374396172350963e+00 1.783519889675028447e-01
1.008253456056677351e+02 -6.257935394061772350e+00 1.802261131838846231e-01
1.014352999094709702e+02 -6.370620402016149875e+00 1.811515891435735437e-01
1.020475182920846180e+02 -6.449841088449403514e+00 1.818703766470139149e-01
1.026106524559767053e+02 -6.559940927574922753e+00 1.828727739058786939e-01
1.031644550770244564e+02 -6.588227079318430768e+00 1.831650778102807409e-01
1.036921718870629263e+02 -6.632207074858495588e+00 1.835816583113599187e-01
1.042021929502958670e+02 -6.752105003528735772e+00 1.847211459023621327e-01
1.046683379347946072e+02 -6.856128843337485179e+00 1.859827424613510749e-01
