0.000000000000000000e+00 5.820766091346740723e-11 -2.328306436538696289e-10 1.000000000000000000e+00
1.446464811917394400e+00 5.377806199248880148e-02 1.449972855392843485e+00 1.000000000000000000e+00
2.757265708060003817e+00 1.051958752796053886e-01 2.892751459265127778e+00 1.000000000000000000e+00
4.063577499706298113e+00 1.591325239860452712e-01 4.587376887910068035e+00 1.000000000000000000e+00
5.496318119461648166e+00 2.200324679142795503e-01 6.570311472984030843e+00 1.000000000000000000e+00
6.793226476176641881e+00 2.698390245786868036e-01 8.342903493903577328e+00 1.000000000000000000e+00
8.082540273084305227e+00 3.070011158706620336e-01 9.820645712548866868e+00 1.000000000000000000e+00
9.364587276591919363e+00 3.367482565226964653e-01 1.119451437774114311e+01 1.000000000000000000e+00
1.076654523378238082e+01 3.666232487303204834e-01 1.282229018304497004e+01 1.000000000000000000e+00
1.203479220008011907e+01 4.009147976757958531e-01 1.459383691288530827e+01 1.000000000000000000e+00
1.342075369472149760e+01 4.369653319008648396e-01 1.670954948267899454e+01 1.000000000000000000e+00
1.467038939346093684e+01 4.564329953864216805e-01 1.835209870105609298e+01 1.000000000000000000e+00
1.590845933544915169e+01 4.598056225804612041e-01 1.960888342675752938e+01 1.000000000000000000e+00
1.713601097732316703e+01 4.556280875112861395e-01 2.074893121607601643e+01 1.000000000000000000e+00
1.847445440734736621e+01 4.526708203484304249e-01 2.223352418560534716e+01 1.000000000000000000e+00
1.968211547716055065e+01 4.453037562780082226e-01 2.354469095100648701e+01 1.000000000000000000e+00
2.100336025957949460e+01 4.318047876004129648e-01 2.495660184882581234e+01 1.000000000000000000e+00
2.219930669979657978e+01 4.153185520553961396e-01 2.622875751042738557e+01 1.000000000000000000e+00
2.339157671714201570e+01 3.988551872898824513e-01 2.759690643055364490e+01 1.000000000000000000e+00
2.458038111904170364e+01 3.793300326797179878e-01 2.895511492737568915e+01 1.000000000000000000e+00
2.588333208416588604e+01 3.544490037602372468e-01 3.044537488510832191e+01 1.000000000000000000e+00
2.706353858357761055e+01 3.234516603988595307e-01 3.159693090710788965e+01 1.000000000000000000e+00
2.823923257552087307e+01 2.892902748426422477e-01 3.279623971972614527e+01 1.000000000000000000e+00
2.941090424405410886e+01 2.548169089131988585e-01 3.408914017421193421e+01 1.000000000000000000e+00
3.069668565364554524e+01 2.163513723644427955e-01 3.560503468732349575e+01 1.000000000000000000e+00
3.186184231203515083e+01 1.783679079962894320e-01 3.699578157253563404e+01 1.000000000000000000e+00
3.302410420193336904e+01 1.375339410151354969e-01 3.841521289153024554e+01 1.000000000000000000e+00
3.429687872540671378e+01 8.066424634307622910e-02 3.973650866001844406e+01 1.000000000000000000e+00
3.544915679679252207e+01 2.292403287719935179e-02 4.086543421121314168e+01 1.000000000000000000e+00
3.659887554706074297e+01 -3.650160250253975391e-02 4.194098414690233767e+01 1.000000000000000000e+00
3.786125045665539801e+01 -1.020734507474116981e-01 4.319503321615047753e+01 1.000000000000000000e+00
3.900517962547019124e+01 -1.647989328484982252e-01 4.427278731320984662e+01 1.000000000000000000e+00
4.014501297858078033e+01 -2.306740320636890829e-01 4.535215449775569141e+01 1.000000000000000000e+00
4.139487682399339974e+01 -3.069694149889983237e-01 4.650342355505563319e+01 1.000000000000000000e+00
4.252788241324014962e+01 -3.739611504133790731e-01 4.768183492752723396e+01 1.000000000000000000e+00
4.365732696885243058e+01 -4.411136386916041374e-01 4.895116420020349324e+01 1.000000000000000000e+00
4.478300788195338100e+01 -5.110397156095132232e-01 5.018290449399501085e+01 1.000000000000000000e+00
4.601714190538041294e+01 -5.935948878759518266e-01 5.153345295297913253e+01 1.000000000000000000e+00
4.713522669661324471e+01 -6.712307080160826445e-01 5.271203909232281148e+01 1.000000000000000000e+00
4.824978599476162344e+01 -7.539929585182107985e-01 5.377974005299620330e+01 1.000000000000000000e+00
4.947208320093341172e+01 -8.508525186916813254e-01 5.486651356169022620e+01 1.000000000000000000e+00
5.058010462834499776e+01 -9.322060719132423401e-01 5.617657209211029112e+01 1.000000000000000000e+00
5.168458482716232538e+01 -1.018111094250343740e+00 5.742502457858063281e+01 1.000000000000000000e+00
5.289542691165115684e+01 -1.116402902174741030e+00 5.868947029625996947e+01 1.000000000000000000e+00
5.399311710533220321e+01 -1.212238498672377318e+00 5.975149122043512762e+01 1.000000000000000000e+00
5.508677767775952816e+01 -1.304842875397298485e+00 6.098606153693981469e+01 1.000000000000000000e+00
5.628454580053221434e+01 -1.411040416511241347e+00 6.232876483700238168e+01 1.000000000000000000e+00
5.736616139742545784e+01 -1.510219431482255459e+00 6.349531522532925010e+01 1.000000000000000000e+00
5.844021263893228024e+01 -1.610470622952561826e+00 6.468137016613036394e+01 1.000000000000000000e+00
5.961033662257250398e+01 -1.716412711015436798e+00 6.614758011372759938e+01 1.000000000000000000e+00
6.066425253229681402e+01 -1.813015780120622367e+00 6.749348983215168118e+01 1.000000000000000000e+00
6.170931966311763972e+01 -1.902461894787847996e+00 6.921731161139905453e+01 1.000000000000000000e+00
6.284998835041187704e+01 -1.993646538467146456e+00 7.133789728186093271e+01 1.000000000000000000e+00
6.387915293348487467e+01 -2.078460171236656606e+00 7.329123701667413116e+01 1.000000000000000000e+00
6.490080190799199045e+01 -2.162512535403948277e+00 7.528730418113991618e+01 1.000000000000000000e+00
6.591393579682335258e+01 -2.250158453069161624e+00 7.709547713887877762e+01 1.000000000000000000e+00
6.701551378599833697e+01 -2.362959485210012645e+00 7.859550903900526464e+01 1.000000000000000000e+00
6.800722175312694162e+01 -2.465475625067483634e+00 7.989751901268027723e+01 1.000000000000000000e+00
6.908726139063946903e+01 -2.569672977901063859e+00 8.160992746846750379e+01 1.000000000000000000e+00
7.005944357719272375e+01 -2.659882355830632150e+00 8.324693193426355720e+01 1.000000000000000000e+00
7.102106451126746833e+01 -2.752417932497337461e+00 8.480649192910641432e+01 1.000000000000000000e+00
7.197248938714619726e+01 -2.845845037081744522e+00 8.622664551995694637e+01 1.000000000000000000e+00
7.300917519535869360e+01 -2.950539368204772472e+00 8.769050661334767938e+01 1.000000000000000000e+00
7.394301374291535467e+01 -3.046594423300120980e+00 8.897073647612705827e+01 1.000000000000000000e+00
7.486936632404103875e+01 -3.140699286712333560e+00 9.029155064793303609e+01 1.000000000000000000e+00
7.587842136458493769e+01 -3.247933331003878266e+00 9.156027902150526643e+01 1.000000000000000000e+00
7.678741931647527963e+01 -3.344326174061279744e+00 9.268087352765724063e+01 1.000000000000000000e+00
7.768788503378164023e+01 -3.441284715314395726e+00 9.377403482911176980e+01 1.000000000000000000e+00
7.866990427777636796e+01 -3.538527728349436074e+00 9.518242618069052696e+01 1.000000000000000000e+00
7.955265472049359232e+01 -3.621414941910188645e+00 9.668403096986003220e+01 1.000000000000000000e+00
8.042900410643778741e+01 -3.698481238447129726e+00 9.828468274488113821e+01 1.000000000000000000e+00
8.138596869166940451e+01 -3.771400394558440894e+00 1.003562346606049687e+02 1.000000000000000000e+00
8.224668620468582958e+01 -3.838846887112595141e+00 1.022277934318408370e+02 1.000000000000000000e+00
8.310066842136438936e+01 -3.905787541414611042e+00 1.040314278425648808e+02 1.000000000000000000e+00
8.394682246912270784e+01 -3.975957728573121130e+00 1.056269683234859258e+02 1.000000000000000000e+00
8.486870752112008631e+01 -4.058179642132017761e+00 1.070856256878469139e+02 1.000000000000000000e+00
8.569941001385450363e+01 -4.133031699748244137e+00 1.083325432999990880e+02 1.000000000000000000e+00
8.652244784787762910e+01 -4.206296023214235902e+00 1.096390564136672765e+02 1.000000000000000000e+00
8.741802443948108703e+01 -4.286787055723834783e+00 1.110104242335073650e+02 1.000000000000000000e+00
8.822154854319524020e+01 -4.362034456280525774e+00 1.121716853026300669e+02 1.000000000000000000e+00
8.901470053079538047e+01 -4.443477730674203485e+00 1.130698021366260946e+02 1.000000000000000000e+00
8.987493151146918535e+01 -4.537387358432170004e+00 1.138502294057980180e+02 1.000000000000000000e+00
9.064615502289962023e+01 -4.622207887994591147e+00 1.145647731560748070e+02 1.000000000000000000e+00
9.140734600753057748e+01 -4.699908312526531518e+00 1.154110110972542316e+02 1.000000000000000000e+00
9.223285413638222963e+01 -4.783099367108661681e+00 1.163856270408723503e+02 1.000000000000000000e+00
9.297420120250899345e+01 -4.858046394074335694e+00 1.171732029246632010e+02 1.000000000000000000e+00
9.370550897077191621e+01 -4.928106705890968442e+00 1.180970850614830852e+02 1.000000000000000000e+00
9.449932841130066663e+01 -4.996546719339676201e+00 1.193214349977206439e+02 1.000000000000000000e+00
9.520838640793226659e+01 -5.059670102258678526e+00 1.204441382675431669e+02 1.000000000000000000e+00
9.590694488503504544e+01 -5.123743384261615574e+00 1.214662531919311732e+02 1.000000000000000000e+00
9.666350822139065713e+01 -5.192349530232604593e+00 1.225085645213257521e+02 1.000000000000000000e+00
9.734023980738129467e+01 -5.255732890742365271e+00 1.233902798427734524e+02 1.000000000000000000e+00
9.800692933180835098e+01 -5.313952459429856390e+00 1.244283373474609107e+02 1.000000000000000000e+00
9.872769707464613020e+01 -5.377623759093694389e+00 1.255691552828066051e+02 1.000000000000000000e+00
9.937206372874788940e+01 -5.432739661715459079e+00 1.265920278143603355e+02 1.000000000000000000e+00
1.000057584504829720e+02 -5.489280935667920858e+00 1.274627596477512270e+02 1.000000000000000000e+00
1.006271217887988314e+02 -5.550343476992566139e+00 1.282071706000715494e+02 1.000000000000000000e+00
1.012963626353302971e+02 -5.619720648974180222e+00 1.288954602477606386e+02 1.000000000000000000e+00
1.018914578136755154e+02 -5.683022372482810169e+00 1.294567478548269719e+02 1.000000000000000000e+00
1.024730622164206579e+02 -5.745041930989827961e+00 1.299893122734501958e+02 1.000000000000000000e+00
1.030966844474896789e+02 -5.809945705870632082e+00 1.306573535264469683e+02 1.000000000000000000e+00
1.036476415507495403e+02 -5.871377156930975616e+00 1.310596953721251339e+02 1.000000000000000000e+00
1.041828399933874607e+02 -5.935776947939302772e+00 1.313574174961540848e+02 1.000000000000000000e+00
1.047554763057269156e+02 -6.004160036740358919e+00 1.317937686236109585e+02 1.000000000000000000e+00
1.052597199265146628e+02 -6.063806386897340417e+00 1.322640408554580063e+02 1.000000000000000000e+00
1.057965882141143084e+02 -6.125075887539424002e+00 1.327370334598235786e+02 1.000000000000000000e+00
1.062681376432301477e+02 -6.174939524556975812e+00 1.331366884058807045e+02 1.000000000000000000e+00
1.067254924378357828e+02 -6.223778183921240270e+00 1.334918710580095649e+02 1.000000000000000000e+00
