2.910383045673370361e-11 0.000000000000000000e+00 -1.629814505577087402e-09 1.000000000000000000e+00
-1.520531281130388379e-03 1.307736267335712910e-03 6.506547512253746390e-02 1.000000000000000000e+00
-2.135087415808811784e-03 2.725512604229152203e-03 1.055523965042084455e-01 1.000000000000000000e+00
-2.807075361488386989e-03 3.566449624486267567e-03 1.215723670320585370e-01 1.000000000000000000e+00
-3.438309504417702556e-03 4.504804499447345734e-03 1.365853931638412178e-01 1.000000000000000000e+00
-5.551396840019151568e-03 5.672594066709280014e-03 2.242411336628720164e-01 1.000000000000000000e+00
-7.270884321769699454e-03 7.070936029776930809e-03 3.034050624119117856e-01 1.000000000000000000e+00
-8.485146157909184694e-03 8.351880242116749287e-03 3.528322874335572124e-01 1.000000000000000000e+00
-9.510097675956785679e-03 9.348159655928611755e-03 3.965017930604517460e-01 1.000000000000000000e+00
-1.050706030218861997e-02 1.051760558038949966e-02 4.403582725790329278e-01 1.000000000000000000e+00
-9.338691073935478926e-03 1.130720786750316620e-02 3.751604622229933739e-01 1.000000000000000000e+00
-7.624623423907905817e-03 1.193171448539942503e-02 3.069454004871658981e-01 1.000000000000000000e+00
-7.682212686631828547e-03 1.278292620554566383e-02 3.088064426556229591e-01 1.000000000000000000e+00
-7.074999448377639055e-03 1.347103179432451725e-02 2.747941415291279554e-01 1.000000000000000000e+00
-6.277771637542173266e-03 1.383597438689321280e-02 2.258923663757741451e-01 1.000000000000000000e+00
-4.267367941793054342e-03 1.353153795935213566e-02 1.235752018401399255e-01 1.000000000000000000e+00
-3.253518050769343972e-03 1.338875992223620415e-02 7.328678888734430075e-02 1.000000000000000000e+00
-2.586493472335860133e-03 1.365798735059797764e-02 4.179257975192740560e-02 1.000000000000000000e+00
-1.487717876443639398e-03 1.406888302881270647e-02 -6.765433412510901690e-03 1.000000000000000000e+00
-7.509187562391161919e-04 1.474154042080044746e-02 -3.838804410770535469e-02 1.000000000000000000e+00
1.446379697881639004e-03 1.450092426966875792e-02 -1.251083294046111405e-01 1.000000000000000000e+00
3.036045149201527238e-03 1.451180514413863420e-02 -1.871883376734331250e-01 1.000000000000000000e+00
4.916370700811967254e-03 1.438039727509021759e-02 -2.542254252475686371e-01 1.000000000000000000e+00
6.114742864156141877e-03 1.446410466451197863e-02 -2.990042397868819535e-01 1.000000000000000000e+00
8.398573612794280052e-03 1.407165394630283117e-02 -3.829345388221554458e-01 1.000000000000000000e+00
1.115185598609969020e-02 1.338172773830592632e-02 -4.882741027395240963e-01 1.000000000000000000e+00
1.395408777170814574e-02 1.262698683422058821e-02 -5.964670679531991482e-01 1.000000000000000000e+00
1.644679051241837442e-02 1.217984943650662899e-02 -6.728472830727696419e-01 1.000000000000000000e+00
1.839292759541422129e-02 1.190339529421180487e-02 -7.439317068201489747e-01 1.000000000000000000e+00
2.195848268456757069e-02 1.090459886472672224e-02 -8.970709170680493116e-01 1.000000000000000000e+00
2.535428575356490910e-02 9.863683138974010944e-03 -1.033361478475853801e+00 1.000000000000000000e+00
2.814005973050370812e-02 8.625280461274087429e-03 -1.145994938502553850e+00 1.000000000000000000e+00
3.065263142343610525e-02 7.872082525864243507e-03 -1.241967639594804496e+00 1.000000000000000000e+00
3.367591218557208776e-02 6.845930125564336777e-03 -1.356442986405454576e+00 1.000000000000000000e+00
3.672694589477032423e-02 5.919398390688002110e-03 -1.487287631782237440e+00 1.000000000000000000e+00
3.988385893171653152e-02 4.227288882248103619e-03 -1.637492059089709073e+00 1.000000000000000000e+00
4.185854631941765547e-02 3.157239058054983616e-03 -1.731450738501735032e+00 1.000000000000000000e+00
4.377973394002765417e-02 2.176983049139380455e-03 -1.823106205440126359e+00 1.000000000000000000e+00
4.701886614202521741e-02 4.186365986242890358e-04 -1.967034954926930368e+00 1.000000000000000000e+00
4.870636892155744135e-02 -3.103449707850813866e-04 -2.045616331510245800e+00 1.000000000000000000e+00
5.036779146757908165e-02 -1.454155077226459980e-03 -2.121193226019386202e+00 1.000000000000000000e+00
5.221103213261812925e-02 -2.141971257515251637e-03 -2.196738211729098111e+00 1.000000000000000000e+00
5.418918436043895781e-02 -3.993827616795897484e-03 -2.295959758106619120e+00 1.000000000000000000e+00
5.467571539338678122e-02 -4.641774110496044159e-03 -2.321085127361584455e+00 1.000000000000000000e+00
5.418524728156626225e-02 -5.295028095133602619e-03 -2.300001173338387161e+00 1.000000000000000000e+00
5.481574471923522651e-02 -6.017120438627898693e-03 -2.324482069350779057e+00 1.000000000000000000e+00
5.602947509032674134e-02 -6.730930996127426624e-03 -2.368840585986617953e+00 1.000000000000000000e+00
5.665415231487713754e-02 -7.053592475131154060e-03 -2.387843458971474320e+00 1.000000000000000000e+00
5.672123955446295440e-02 -8.004006231203675270e-03 -2.389786079875193536e+00 1.000000000000000000e+00
5.663723542238585651e-02 -8.683705003932118416e-03 -2.365477062587160617e+00 1.000000000000000000e+00
5.633374417084269226e-02 -9.422752191312611103e-03 -2.332344925089273602e+00 1.000000000000000000e+00
5.690626430441625416e-02 -1.058087404817342758e-02 -2.338521325495094061e+00 1.000000000000000000e+00
5.788086599204689264e-02 -1.127157220616936684e-02 -2.372294949134811759e+00 1.000000000000000000e+00
5.776660240371711552e-02 -1.178003230597823858e-02 -2.366053204226773232e+00 1.000000000000000000e+00
5.763044441118836403e-02 -1.216087187640368938e-02 -2.352893352683167905e+00 1.000000000000000000e+00
5.724163146805949509e-02 -1.289683044888079166e-02 -2.323823694314341992e+00 1.000000000000000000e+00
5.647633550688624382e-02 -1.351581874769181013e-02 -2.281946059316396713e+00 1.000000000000000000e+00
5.571104242699220777e-02 -1.413480634801089764e-02 -2.240068419836461544e+00 1.000000000000000000e+00
5.518470006063580513e-02 -1.491447386797517538e-02 -2.229370654211379588e+00 1.000000000000000000e+00
5.452795073506422341e-02 -1.563585957046598196e-02 -2.211358393309637904e+00 1.000000000000000000e+00
5.299189907964318991e-02 -1.620149333029985428e-02 -2.146891237352974713e+00 1.000000000000000000e+00
5.187881150050088763e-02 -1.663783669937402010e-02 -2.098370899795554578e+00 1.000000000000000000e+00
5.001728225033730268e-02 -1.741468033287674189e-02 -2.018503213010262698e+00 1.000000000000000000e+00
4.798406636109575629e-02 -1.745393103919923306e-02 -1.922778664971701801e+00 1.000000000000000000e+00
4.593439318705350161e-02 -1.762267271988093853e-02 -1.836286572215612978e+00 1.000000000000000000e+00
4.480073589365929365e-02 -1.798653707373887300e-02 -1.787720263586379588e+00 1.000000000000000000e+00
4.351156947086565197e-02 -1.876162737607955933e-02 -1.743667007831390947e+00 1.000000000000000000e+00
4.303585365414619446e-02 -1.988064602483063936e-02 -1.734935878135729581e+00 1.000000000000000000e+00
4.249931621598079801e-02 -2.093862742185592651e-02 -1.729620953381527215e+00 1.000000000000000000e+00
4.230195109266787767e-02 -2.200871414970606565e-02 -1.735349334951024503e+00 1.000000000000000000e+00
4.237920200102962554e-02 -2.324807737022638321e-02 -1.758584146155044436e+00 1.000000000000000000e+00
4.194884322350844741e-02 -2.360962529201060534e-02 -1.759346474020276219e+00 1.000000000000000000e+00
4.169717230251990259e-02 -2.403087832499295473e-02 -1.761690624523907900e+00 1.000000000000000000e+00
4.138796980259940028e-02 -2.416021469980478287e-02 -1.770647136785555631e+00 1.000000000000000000e+00
3.981948425644077361e-02 -2.432513108942657709e-02 -1.729155869339592755e+00 1.000000000000000000e+00
3.753987024538218975e-02 -2.450732362922281027e-02 -1.655983183532953262e+00 1.000000000000000000e+00
3.641945309937000275e-02 -2.492909622378647327e-02 -1.627356730634346604e+00 1.000000000000000000e+00
3.621145719080232084e-02 -2.521338628139346838e-02 -1.649431389698293060e+00 1.000000000000000000e+00
3.607917227782309055e-02 -2.515249745920300484e-02 -1.662016311951447278e+00 1.000000000000000000e+00
3.524779737927019596e-02 -2.491657377686351538e-02 -1.643868354789447039e+00 1.000000000000000000e+00
3.491463541286066175e-02 -2.488730195909738541e-02 -1.658957475097849965e+00 1.000000000000000000e+00
3.453422375605441630e-02 -2.507704438176006079e-02 -1.660649257071781904e+00 1.000000000000000000e+00
3.498563382891006768e-02 -2.536042628344148397e-02 -1.679789347748737782e+00 1.000000000000000000e+00
3.462507479707710445e-02 -2.558829949703067541e-02 -1.658184933941811323e+00 1.000000000000000000e+00
3.455080784624442458e-02 -2.601677703205496073e-02 -1.662064007774461061e+00 1.000000000000000000e+00
3.436297932057641447e-02 -2.639558399096131325e-02 -1.659756785724312067e+00 1.000000000000000000e+00
3.390087021398358047e-02 -2.665105101186782122e-02 -1.659316334873437881e+00 1.000000000000000000e+00
3.421308615361340344e-02 -2.682880987413227558e-02 -1.670538684469647706e+00 1.000000000000000000e+00
3.365456394385546446e-02 -2.628075901884585619e-02 -1.648988444532733411e+00 1.000000000000000000e+00
3.185741219203919172e-02 -2.577237563673406839e-02 -1.583796354418154806e+00 1.000000000000000000e+00
3.147556155454367399e-02 -2.523228572681546211e-02 -1.567193863564170897e+00 1.000000000000000000e+00
3.054694709135219455e-02 -2.478449873160570860e-02 -1.518814458569977432e+00 1.000000000000000000e+00
2.884528564754873514e-02 -2.400112885516136885e-02 -1.443040154816117138e+00 1.000000000000000000e+00
2.633753407280892134e-02 -2.235900377854704857e-02 -1.327483717526774853e+00 1.000000000000000000e+00
2.474244224140420556e-02 -2.143325842916965485e-02 -1.258294955478049815e+00 1.000000000000000000e+00
2.350910875247791409e-02 -2.054534375201910734e-02 -1.207541934330947697e+00 1.000000000000000000e+00
2.190134883858263493e-02 -1.997290947474539280e-02 -1.136415938904974610e+00 1.000000000000000000e+00
2.002892130985856056e-02 -1.777315256185829639e-02 -1.038474960951134562e+00 1.000000000000000000e+00
1.972377780475653708e-02 -1.650481496471911669e-02 -1.008618623425718397e+00 1.000000000000000000e+00
2.023131345049478114e-02 -1.547176647000014782e-02 -1.004319761763326824e+00 1.000000000000000000e+00
2.021577308187261224e-02 -1.493817009031772614e-02 -9.907683113124221563e-01 1.000000000000000000e+00
2.036296183359809220e-02 -1.446315867360681295e-02 -9.879107259912416339e-01 1.000000000000000000e+00
2.133676747325807810e-02 -1.436019083485007286e-02 -1.017545064212754369e+00 1.000000000000000000e+00
2.226218610303476453e-02 -1.409601827617734671e-02 -1.051628347020596266e+00 1.000000000000000000e+00
2.360590980970300734e-02 -1.377096713986247778e-02 -1.101157347729895264e+00 1.000000000000000000e+00
2.448470215313136578e-02 -1.366433163639158010e-02 -1.134294756571762264e+00 1.000000000000000000e+00
2.524661392089910805e-02 -1.378884585574269295e-02 -1.160938439774326980e+00 1.000000000000000000e+00
2.706792991375550628e-02 -1.359937922097742558e-02 -1.221485681599006057e+00 1.000000000000000000e+00
2.879402082180604339e-02 -1.352306583430618048e-02 -1.270292081811930984e+00 1.000000000000000000e+00
3.026507431059144437e-02 -1.356062025297433138e-02 -1.327986622985918075e+00 1.000000000000000000e+00
3.186687408015131950e-02 -1.308441476430743933e-02 -1.391332991595845670e+00 1.000000000000000000e+00
3.271934803342446685e-02 -1.291911141015589237e-02 -1.420462871261406690e+00 1.000000000000000000e+00
3.471387788886204362e-02 -1.242085255216807127e-02 -1.501590455416589975e+00 1.000000000000000000e+00
3.577661601593717933e-02 -1.220158638898283243e-02 -1.541831902170088142e+00 1.000000000000000000e+00
3.705118570360355079e-02 -1.203840912785381079e-02 -1.581344427017029375e+00 1.000000000000000000e+00
3.853687882656231523e-02 -1.163356483448296785e-02 -1.624972493911627680e+00 1.000000000000000000e+00
3.908780755591578782e-02 -1.111115841194987297e-02 -1.642136127513367683e+00 1.000000000000000000e+00
4.015046084532514215e-02 -1.076033804565668106e-02 -1.668611211469396949e+00 1.000000000000000000e+00
4.205858637578785419e-02 -1.035965012852102518e-02 -1.722054880636278540e+00 1.000000000000000000e+00
4.335254005854949355e-02 -9.706235025078058243e-03 -1.770195044984575361e+00 1.000000000000000000e+00
4.389950347831472754e-02 -9.068979066796600819e-03 -1.773042962537147105e+00 1.000000000000000000e+00
4.500467053730972111e-02 -8.294251747429370880e-03 -1.791126367752440274e+00 1.000000000000000000e+00
4.657040614983998239e-02 -7.803758722729980946e-03 -1.833458613895345479e+00 1.000000000000000000e+00
4.807881230954080820e-02 -7.418549736030399799e-03 -1.866847743222024292e+00 1.000000000000000000e+00
4.901039905962534249e-02 -6.868272321298718452e-03 -1.872802279482129961e+00 1.000000000000000000e+00
5.012899101711809635e-02 -6.816737120971083641e-03 -1.897221915598493069e+00 1.000000000000000000e+00
5.255477639730088413e-02 -7.298155804164707661e-03 -1.980523361184168607e+00 1.000000000000000000e+00
5.516970594180747867e-02 -7.689577760174870491e-03 -2.070375855953898281e+00 1.000000000000000000e+00
5.721328643267042935e-02 -8.252651314251124859e-03 -2.129686014319304377e+00 1.000000000000000000e+00
5.838289932580664754e-02 -8.417844772338867188e-03 -2.162213576608337462e+00 1.000000000000000000e+00
5.942660683649592102e-02 -8.697877521626651287e-03 -2.192698209604714066e+00 1.000000000000000000e+00
6.117186724441125989e-02 -9.160228772088885307e-03 -2.251645668467972428e+00 1.000000000000000000e+00
6.300775179988704622e-02 -9.714951622299849987e-03 -2.315135857614222914e+00 1.000000000000000000e+00
6.359006458660587668e-02 -1.003703265450894833e-02 -2.329063440149184316e+00 1.000000000000000000e+00
6.445718236500397325e-02 -1.069214788731187582e-02 -2.362911887175869197e+00 1.000000000000000000e+00
6.527314311824738979e-02 -1.126140542328357697e-02 -2.384224139968864620e+00 1.000000000000000000e+00
6.555046388530172408e-02 -1.137132197618484497e-02 -2.385184851766098291e+00 1.000000000000000000e+00
6.575463307672180235e-02 -1.147243985906243324e-02 -2.377113529772032052e+00 1.000000000000000000e+00
6.600326881743967533e-02 -1.130993128754198551e-02 -2.382401372073218226e+00 1.000000000000000000e+00
6.667008277145214379e-02 -1.166933716740459204e-02 -2.411630090442486107e+00 1.000000000000000000e+00
6.742046930594369769e-02 -1.180148974526673555e-02 -2.427489493100438267e+00 1.000000000000000000e+00
6.737831415375694633e-02 -1.173384801950305700e-02 -2.423489562177564949e+00 1.000000000000000000e+00
6.753240642137825489e-02 -1.152492570690810680e-02 -2.417457952338736504e+00 1.000000000000000000e+00
6.787666471791453660e-02 -1.163791469298303127e-02 -2.420628820080310106e+00 1.000000000000000000e+00
6.836496255709789693e-02 -1.165533810853958130e-02 -2.432096440345048904e+00 1.000000000000000000e+00
6.924718272057361901e-02 -1.186771783977746964e-02 -2.456994766427669674e+00 1.000000000000000000e+00
6.994513666722923517e-02 -1.198745984584093094e-02 -2.484835169743746519e+00 1.000000000000000000e+00
7.053878859733231366e-02 -1.174503378570079803e-02 -2.506761681055650115e+00 1.000000000000000000e+00
7.171729046967811882e-02 -1.209511735942214727e-02 -2.570721424533985555e+00 1.000000000000000000e+00
7.205928186886012554e-02 -1.180621457751840353e-02 -2.566702749289106578e+00 1.000000000000000000e+00
7.326711757923476398e-02 -1.206963136792182922e-02 -2.614065072091761976e+00 1.000000000000000000e+00
7.509489500080235302e-02 -1.217254274524748325e-02 -2.673168574518058449e+00 1.000000000000000000e+00
7.473556403419934213e-02 -1.172988011967390776e-02 -2.638438786263577640e+00 1.000000000000000000e+00
7.479025656357407570e-02 -1.152824086602777243e-02 -2.631376130215357989e+00 1.000000000000000000e+00
7.584795032744295895e-02 -1.131623634137213230e-02 -2.661963607068173587e+00 1.000000000000000000e+00
7.655040570534765720e-02 -1.092252973467111588e-02 -2.688190973014570773e+00 1.000000000000000000e+00
7.687187578994780779e-02 -1.052824012003839016e-02 -2.705701705999672413e+00 1.000000000000000000e+00
7.733543467475101352e-02 -1.005059760063886642e-02 -2.741188037034589797e+00 1.000000000000000000e+00
7.797687881975434721e-02 -9.536255616694688797e-03 -2.775325636786874384e+00 1.000000000000000000e+00
7.739706960273906589e-02 -9.009336819872260094e-03 -2.779970281990244985e+00 1.000000000000000000e+00
7.555299624800682068e-02 -8.135750889778137207e-03 -2.711646977753844112e+00 1.000000000000000000e+00
7.363323643221519887e-02 -7.186810020357370377e-03 -2.639918766159098595e+00 1.000000000000000000e+00
7.261859058053232729e-02 -6.488944054581224918e-03 -2.602198623295407742e+00 1.000000000000000000e+00
7.059274133644066751e-02 -5.873760674148797989e-03 -2.545097168127540499e+00 1.000000000000000000e+00
6.992039742181077600e-02 -5.485259694978594780e-03 -2.509024433267768472e+00 1.000000000000000000e+00
6.814558405312709510e-02 -4.953436320647597313e-03 -2.433554232178721577e+00 1.000000000000000000e+00
6.712296654586680233e-02 -4.354761564172804356e-03 -2.397070267761591822e+00 1.000000000000000000e+00
6.611503908061422408e-02 -3.967099706642329693e-03 -2.357922494818922132e+00 1.000000000000000000e+00
6.424062643782235682e-02 -3.270891262218356133e-03 -2.273303866095375270e+00 1.000000000000000000e+00
6.383807139354757965e-02 -3.233067458495497704e-03 -2.252634655626025051e+00 1.000000000000000000e+00
6.148459529504179955e-02 -3.022701945155858994e-03 -2.167804039723705500e+00 1.000000000000000000e+00
6.037236476549878716e-02 -2.741388394497334957e-03 -2.122603952069766819e+00 1.000000000000000000e+00
5.932687278254888952e-02 -2.614565892145037651e-03 -2.080321805085986853e+00 1.000000000000000000e+00
5.969305447069928050e-02 -2.617424353957176208e-03 -2.082801067328546196e+00 1.000000000000000000e+00
5.672532922471873462e-02 -2.763867145404219627e-03 -2.026203669956885278e+00 1.000000000000000000e+00
5.385626686620526016e-02 -2.428943989798426628e-03 -1.938931475800927728e+00 1.000000000000000000e+00
5.086916123400442302e-02 -2.415964845567941666e-03 -1.870835705427452922e+00 1.000000000000000000e+00
4.979449600796215236e-02 -2.396272728219628334e-03 -1.863363830838352442e+00 1.000000000000000000e+00
5.095489637460559607e-02 -2.766581950709223747e-03 -1.815920623776037246e+00 1.000000000000000000e+00
6.052561383694410324e-02 -3.974175313487648964e-03 -1.868294805171899498e+00 1.000000000000000000e+00
7.417511017411015928e-02 -4.056700970977544785e-03 -1.868365707690827549e+00 1.000000000000000000e+00
9.048261470161378384e-02 -3.959809197112917900e-03 -1.739391247625462711e+00 1.000000000000000000e+00
1.152583661896642298e-01 -3.981961868703365326e-03 -1.665736977302003652e+00 1.000000000000000000e+00
1.421485892497003078e-01 -4.089189344085752964e-03 -1.600849001668393612e+00 1.000000000000000000e+00
1.754519704263657331e-01 -3.469914314337074757e-03 -1.486237668606918305e+00 1.000000000000000000e+00
2.091821010690182447e-01 -2.653329866006970406e-03 -1.342021358606871217e+00 1.000000000000000000e+00
2.505461673717945814e-01 -2.064013504423201084e-03 -1.269978918600827456e+00 1.000000000000000000e+00
3.073739969404414296e-01 -1.804997562430799007e-03 -1.275451617664657533e+00 1.000000000000000000e+00
3.724788128165528178e-01 -1.662100898101925850e-03 -1.305161773401778191e+00 1.000000000000000000e+00
4.497948091593571007e-01 -1.137521467171609402e-03 -1.268295296060387045e+00 1.000000000000000000e+00
5.521043537592049688e-01 -1.040617935359477997e-04 -1.157069194654468447e+00 1.000000000000000000e+00
6.625239230634178966e-01 1.159922103397548199e-03 -1.055715032329317182e+00 1.000000000000000000e+00
7.912675459519959986e-01 2.643736079335212708e-03 -9.699477705871686339e-01 1.000000000000000000e+00
9.538169098668731749e-01 3.054200089536607265e-03 -9.133317177183926105e-01 1.000000000000000000e+00
1.119844490021932870e+00 3.558939322829246521e-03 -7.820794428116641939e-01 1.000000000000000000e+00
1.322300244733924046e+00 3.543659928254783154e-03 -5.909937378019094467e-01 1.000000000000000000e+00
1.526859650301048532e+00 2.513496787287294865e-03 -4.101073773927055299e-01 1.000000000000000000e+00
1.755707482458092272e+00 5.539307603612542152e-04 -3.672577657853253186e-01 1.000000000000000000e+00
2.033017377951182425e+00 -3.611737629398703575e-03 -3.325505053508095443e-01 1.000000000000000000e+00
2.308686251781182364e+00 -7.481968961656093597e-03 -2.116534468950703740e-01 1.000000000000000000e+00
2.603185749903786927e+00 -1.043493871111422777e-02 1.404256559326313436e-01 1.000000000000000000e+00
2.951568633317947388e+00 -1.603802747558802366e-02 6.741615788778290153e-01 1.000000000000000000e+00
3.287305792502593249e+00 -1.819400209933519363e-02 1.375240721914451569e+00 1.000000000000000000e+00
3.684952485346002504e+00 -2.302116947248578072e-02 2.092001829587388784e+00 1.000000000000000000e+00
4.067611266393214464e+00 -3.102655056864023209e-02 2.646439321280922741e+00 1.000000000000000000e+00
4.461523299192776904e+00 -4.065343935508280993e-02 3.366430257505271584e+00 1.000000000000000000e+00
4.911904782638885081e+00 -5.431059247348457575e-02 3.923706909467000514e+00 1.000000000000000000e+00
5.334935155871789902e+00 -6.757148879114538431e-02 4.294794718327466398e+00 1.000000000000000000e+00
5.767644649662543088e+00 -8.066103071905672550e-02 4.660368325945455581e+00 1.000000000000000000e+00
6.253741600085049868e+00 -9.442843508441001177e-02 5.111688130360562354e+00 1.000000000000000000e+00
6.704817022226052359e+00 -1.060464027104899287e-01 5.568051297450438142e+00 1.000000000000000000e+00
7.164738562307320535e+00 -1.158566019730642438e-01 6.057095176191069186e+00 1.000000000000000000e+00
7.682946343178628013e+00 -1.241745798615738750e-01 6.596702613751403987e+00 1.000000000000000000e+00
8.166480903106275946e+00 -1.303883324144408107e-01 7.002360712911467999e+00 1.000000000000000000e+00
8.710294217802584171e+00 -1.300913612358272076e-01 7.525450884422753006e+00 1.000000000000000000e+00
9.213796416035620496e+00 -1.221195750404149294e-01 8.123301323677878827e+00 1.000000000000000000e+00
9.725947809085482731e+00 -1.031754250871017575e-01 8.855863502714782953e+00 1.000000000000000000e+00
1.025389061207533814e+01 -7.366266031749546528e-02 9.358633616589941084e+00 1.000000000000000000e+00
1.084732901188544929e+01 -2.883063745684921741e-02 9.863074866763781756e+00 1.000000000000000000e+00
1.139546459610573947e+01 2.515952428802847862e-02 1.045740893634501845e+01 1.000000000000000000e+00
1.195447960472665727e+01 9.397186478599905968e-02 1.097673181572463363e+01 1.000000000000000000e+00
1.258251196914352477e+01 1.919698956189677119e-01 1.138434476550901309e+01 1.000000000000000000e+00
1.316202803590567783e+01 2.991838644957169890e-01 1.169674763275543228e+01 1.000000000000000000e+00
1.380807209608610719e+01 4.426468219608068466e-01 1.194919566204771399e+01 1.000000000000000000e+00
1.440106439066585153e+01 5.962047597859054804e-01 1.201741941884392872e+01 1.000000000000000000e+00
1.499286100437166169e+01 7.732460291590541601e-01 1.212647592223947868e+01 1.000000000000000000e+00
1.564248050024616532e+01 9.900145214051008224e-01 1.229685617442009971e+01 1.000000000000000000e+00
1.623322253744117916e+01 1.210746096447110176e+00 1.222663934325100854e+01 1.000000000000000000e+00
1.681764178111916408e+01 1.454935035319067538e+00 1.220802385971182957e+01 1.000000000000000000e+00
1.744613141671288759e+01 1.754763858160004020e+00 1.276102625753264874e+01 1.000000000000000000e+00
1.800989133390248753e+01 2.054244040395133197e+00 1.340987910557305440e+01 1.000000000000000000e+00
1.862415392897673883e+01 2.413477190304547548e+00 1.401854379061842337e+01 1.000000000000000000e+00
1.917647833301452920e+01 2.765551829943433404e+00 1.440347389125963673e+01 1.000000000000000000e+00
1.972443544227280654e+01 3.138836957048624754e+00 1.454310485464520752e+01 1.000000000000000000e+00
2.031604230668745004e+01 3.579245227971114218e+00 1.454182395967654884e+01 1.000000000000000000e+00
2.084045544610125944e+01 4.006656845333054662e+00 1.450121189490891993e+01 1.000000000000000000e+00
2.134944663970964029e+01 4.460689283208921552e+00 1.456854834541445598e+01 1.000000000000000000e+00
2.189793713571270928e+01 4.989662084961310029e+00 1.441783085023052990e+01 1.000000000000000000e+00
2.238016428664559498e+01 5.501057400251738727e+00 1.433310375409200788e+01 1.000000000000000000e+00
2.285217980662127957e+01 6.038132835645228624e+00 1.408775886672083288e+01 1.000000000000000000e+00
2.335900500300340354e+01 6.656268524704501033e+00 1.364973720331909135e+01 1.000000000000000000e+00
2.380332298757275566e+01 7.246820761123672128e+00 1.328933297586627305e+01 1.000000000000000000e+00
2.423431524570332840e+01 7.861524827894754708e+00 1.270295657130191103e+01 1.000000000000000000e+00
2.468376475773402490e+01 8.571778915822505951e+00 1.198964967107167467e+01 1.000000000000000000e+00
2.507272064359858632e+01 9.245396844227798283e+00 1.161659604276064783e+01 1.000000000000000000e+00
2.546911895900848322e+01 1.002244732168037444e+01 1.159213728504255414e+01 1.000000000000000000e+00
2.580253595593967475e+01 1.075615814700722694e+01 1.173383572505554184e+01 1.000000000000000000e+00
2.611240993559476919e+01 1.150841258978471160e+01 1.195600536552956328e+01 1.000000000000000000e+00
2.642571508939727210e+01 1.235606641531921923e+01 1.228511242952663451e+01 1.000000000000000000e+00
2.669094965673866682e+01 1.314024607185274363e+01 1.246465842833276838e+01 1.000000000000000000e+00
2.692140832130098715e+01 1.394434849952813238e+01 1.304959552304353565e+01 1.000000000000000000e+00
2.714657741130213253e+01 1.484705580631271005e+01 1.398074504738906398e+01 1.000000000000000000e+00
2.733279725597822107e+01 1.567922749917488545e+01 1.481500655319541693e+01 1.000000000000000000e+00
2.750088760463404469e+01 1.652195954602211714e+01 1.568518105393741280e+01 1.000000000000000000e+00
2.766492134859436192e+01 1.746027961932122707e+01 1.681815727305365726e+01 1.000000000000000000e+00
2.780807187294703908e+01 1.832078093162272125e+01 1.783321775973308831e+01 1.000000000000000000e+00
2.795707022206624970e+01 1.927403422642964870e+01 1.887958218698622659e+01 1.000000000000000000e+00
2.808926156061352231e+01 2.014733263198286295e+01 1.980389196076430380e+01 1.000000000000000000e+00
2.821344358305213973e+01 2.102637313597369939e+01 2.090513158461544663e+01 1.000000000000000000e+00
2.834888978276285343e+01 2.200109401613008231e+01 2.217996287049027160e+01 1.000000000000000000e+00
2.847074710487504490e+01 2.289385636663064361e+01 2.347398643591441214e+01 1.000000000000000000e+00
2.859159211875521578e+01 2.379285794601310045e+01 2.492510247015161440e+01 1.000000000000000000e+00
2.873772784281754866e+01 2.477916157711297274e+01 2.600690749759087339e+01 1.000000000000000000e+00
2.887581135300570168e+01 2.567958985746372491e+01 2.691425795358372852e+01 1.000000000000000000e+00
2.902916170057142153e+01 2.667451094230636954e+01 2.791282730037346482e+01 1.000000000000000000e+00
2.916903006916982122e+01 2.758425948198419064e+01 2.890613941149786115e+01 1.000000000000000000e+00
2.931290454961708747e+01 2.849693860625848174e+01 2.981915737048257142e+01 1.000000000000000000e+00
2.947367877073702402e+01 2.950400203047320247e+01 3.063445684773614630e+01 1.000000000000000000e+00
2.962596235569799319e+01 3.041963632812257856e+01 3.129591858148341998e+01 1.000000000000000000e+00
2.979580323220579885e+01 3.132409352401737124e+01 3.107543455879203975e+01 1.000000000000000000e+00
